Database Name	ODA
Database Link	http://localhost/ODA/OdaService.asmx
Evaluation Signature	96027d20-afff-4c03-918b-7dd1b446ecde
Plate Name	220602 ar jfx646 pcna mscarlet PACE MvR
Measurement	Measurement 1
Evaluation	Evaluation21
Population	Population - coloc AR

[Data]
Row	Column	Timepoint	Field	Object No	X	Y	Bounding Box	Position X [µm]	Position Y [µm]	Compound	Concentration	Cell Type	Cell Count	coloc AR - Relative Spot  Intensity	coloc AR - Corrected Spot  Intensity	coloc AR - Uncorrected Spot  Peak Intensity	coloc AR - Spot Contrast	coloc AR - Spot Background Intensity	coloc AR - Spot Area [px²]	coloc AR - Region Intensity	coloc AR - Spot To Region Intensity	coloc AR - Object No in Nuclei Selected	coloc AR - Object No in Spots AR	
4	5	23	1	1	240	1763	[236,1758,243,1769]	-447.06	-424.01					0.0332796358098	15.5205128205	552	0.100866763826	450.846153846	60	420.440295527	1.10923399024	5	8	
4	5	28	1	1	165	1644	[163,1642,171,1649]	-457.82	-406.52					0.0312201920099	12.9243589744	477	0.0864984909743	401.05	39	422.673181818	0.979419506091	2	2	
4	5	30	1	1	227	1610	[221,1605,231,1620]	-449.03	-401.62					0.0424712621875	18.9344608879	568	0.141841982235	426.88372093	99	443.82343425	1.00449446202	3	2	
4	5	31	1	1	238	1602	[235,1599,245,1610]	-447.02	-400.45					0.0411931867229	18.6697965571	591	0.152546045504	434.555555556	71	442.072645528	1.02522822142	4	2	
4	5	38	1	1	256	1580	[252,1576,260,1587]	-444.65	-397.19					0.0429113727921	17.9837662338	476	0.0853862127937	401.107142857	77	410.132163743	1.02184355713	5	2	
4	5	39	1	1	214	1574	[213,1573,217,1575]	-450.66	-396.01					0.0258991	9.36154	412	0.0783929	352.1	13	401.648	0.899947	4	3	
4	5	39	1	2	262	1572	[258,1567,266,1584]	-443.61	-396.25					0.0270243	11.0011	504	0.119899	396.081	73	401.648	1.01353	4	4	
4	5	42	1	1	275	1573	[271,1569,278,1581]	-441.87	-396.19					0.0605387660519	25.08	481	0.105492990117	389.2	75	391.167618408	1.05908562086	5	3	
4	5	47	1	1	275	1592	[272,1590,279,1597]	-441.83	-399					0.0257968	10.3095	438	0.0588235	389.333	42	394.173	1.01388	6	2	
4	5	47	1	2	144	309	[141,307,148,313]	-461.16	-209.16					0.0346853	10.8548	367	0.0970038	302.095	40	270.51	1.15689	9	5	
4	5	47	1	3	954	775	[951,771,957,780]	-341.47	-277.94					0.0455444	17.5025	435	0.0850699	366.792	51	339.112	1.13324	12	9	
4	5	51	1	1	319	1595	[314,1590,323,1600]	-435.35	-399.12					0.0304232911804	13.3607142857	522	0.101498206373	425.8	56	406.22640509	1.08107377754	4	4	
4	5	58	1	1	730	285	[729,284,732,287]	-374.45	-205.53					0.0285281494572	8.69230769231	344	0.075	296	13	273.085081241	1.11574131515	6	3	
4	5	1	2	1	2130	574	[2129,573,2131,577]	-1136.34	-248.33					0.0262258842444	8.89772727273	365	0.0497932770088	330.375	11	330.168179068	1.02757548662	2	2	
4	5	3	2	1	123	146	[120,143,126,150]	-1433.03	-184.96					0.0281633274038	10.3728448276	403	0.0592197125257	357.9375	29	324.493419921	1.13503178252	9	1	
4	5	6	2	1	1374	148	[1370,143,1378,154]	-1248.07	-185.34					0.0292496610958	17.5952380952	658	0.0596168685208	583.958333333	56	612.953828829	0.981401115608	1	1	
4	5	12	2	1	2035	460	[2033,458,2040,463]	-1150.23	-231.41					0.0274508426966	10.5648648649	417	0.0539618349551	374.3	37	366.694537347	1.04955167222	1	1	
4	5	21	2	1	538	1581	[535,1577,542,1584]	-1371.56	-396.99					0.0341888011486	19.6869300912	629	0.0614754098361	556.142857143	47	492.74906367	1.16860655796	1	1	
4	5	26	2	1	44	1246	[40,1242,49,1253]	-1444.69	-347.78					0.035037061413	13.3705609882	424	0.0703808487486	368.24137931	67	299.232674983	1.275301704	1	2	
4	5	32	2	1	1412	113	[1410,111,1418,117]	-1242.11	-180.18					0.0377787	16.085	516	0.114851	409.684	39	317.717	1.34009	8	2	
4	5	32	2	2	1413	119	[1410,115,1417,122]	-1242.35	-180.85					0.0497464	22.6504	529	0.100173	432.667	41	317.717	1.43309	8	3	
4	5	35	2	1	1944	1952	[1943,1951,1948,1954]	-1163.6	-451.91					0.0570745535539	26.4787878788	909	0.350212679765	437.454545455	15	378.115248227	1.22696277262	6	1	
4	5	39	2	1	2072	2140	[2068,2137,2079,2144]	-1144.73	-479.73					0.0555330209919	19.1320512821	393	0.0941214262769	325.384615385	60	313.145142637	1.10018205541	11	12	
4	5	40	2	1	2156	605	[2155,604,2159,606]	-1132.33	-252.77					0.0281398	10.3052	460	0.127577	355.909	14	345.954	1.05856	7	3	
4	5	40	2	2	1592	1374	[1588,1369,1597,1378]	-1215.83	-366.35					0.0724687	28.3434	466	0.124559	362.769	71	320.078	1.22193	8	4	
4	5	40	2	3	2095	2151	[2092,2147,2100,2154]	-1141.34	-481.28					0.0505455	18.9159	429	0.0939438	355.318	47	303.029	1.23498	17	21	
4	5	42	2	1	1623	2104	[1619,2101,1625,2107]	-1211.36	-474.4					0.0251251479745	8.98102466793	389	0.0549573263141	348.470588235	31	336.994332993	1.06070511551	20	17	
4	5	43	2	1	1628	2111	[1625,2106,1631,2114]	-1210.64	-475.28					0.0313562109418	11.8031746032	423	0.074123337364	364.619047619	45	340.156975111	1.10661326906	20	25	
4	5	45	2	1	22	1389	[17,1382,28,1395]	-1447.88	-368.62					0.169557582766	71.9818181818	562	0.22902584493	352.545454545	110	263.745277854	1.60961089496	16	23	
4	5	46	2	1	65	1319	[60,1312,70,1325]	-1441.54	-358.34					0.115108	43.2196	489	0.190868	332.25	115	262.779	1.42884	15	23	
4	5	46	2	2	26	1383	[22,1379,31,1391]	-1447.35	-368.03					0.148969	69.7849	632	0.226391	398.667	93	262.779	1.78268	15	27	
4	5	47	2	1	1483	21	[1479,14,1487,27]	-1231.92	-166.41					0.10244	48.2525	608	0.179688	422.781	89	402.199	1.17115	2	1	
4	5	47	2	2	1441	21	[1437,18,1444,26]	-1238.23	-166.57					0.198205	151.953	1119	0.290884	614.696	57	402.199	1.90615	2	2	
4	5	47	2	3	107	1312	[101,1309,110,1318]	-1435.68	-357.43					0.0790442	32.0536	528	0.171431	373.462	66	272.345	1.48898	11	18	
4	5	47	2	4	19	1364	[13,1356,25,1371]	-1448.37	-364.94					0.158221	60.0578	536	0.253032	319.525	151	272.345	1.39376	11	19	
4	5	49	2	1	1138	149	[1135,147,1145,153]	-1282.76	-185.45					0.0288416	10.5577	418	0.0808016	355.5	52	296.671	1.23389	11	5	
4	5	49	2	2	11	1338	[6,1333,15,1344]	-1449.72	-361.2					0.113284	42.0939	475	0.180881	329.484	90	273.103	1.36058	20	40	
4	5	50	2	1	35	1334	[30,1330,40,1342]	-1446.07	-360.82					0.150621402801	71.5560359162	613	0.206080223407	403.516129032	97	272.706150488	1.74206619139	20	40	
4	5	51	2	1	4	1322	[2,1321,8,1324]	-1450.46	-358.81					0.0372311	10.5539	327	0.0901514	272.917	17	280.584	1.01029	4	1	
4	5	51	2	2	49	1324	[43,1318,55,1332]	-1443.91	-359.24					0.184965	91.4951	691	0.263062	403.167	136	280.584	1.76297	4	2	
4	5	51	2	3	5	1328	[2,1324,9,1333]	-1450.44	-359.65					0.0329901	10.3975	350	0.0690732	304.773	47	280.584	1.12326	4	3	
4	5	52	2	1	2083	756	[2080,754,2087,759]	-1143.18	-275.16					0.0604389	29.2222	561	0.105116	454.278	34	316.383	1.52821	9	4	
4	5	52	2	2	2091	758	[2087,755,2095,761]	-1142.14	-275.41					0.0506329	25.4632	599	0.112933	477.435	49	316.383	1.58952	9	5	
4	5	52	2	3	2098	758	[2094,754,2102,761]	-1141.01	-275.38					0.0783691	48.0578	752	0.141845	565.167	49	316.383	1.93823	9	7	
4	5	52	2	4	14	1333	[7,1325,20,1340]	-1449.04	-360.32					0.0782728	24.2733	375	0.134923	285.838	135	286.268	1.08329	12	10	
4	5	52	2	5	45	1341	[40,1336,52,1348]	-1444.47	-361.76					0.148692	71.2723	670	0.242979	408.056	122	286.268	1.6744	12	11	
4	5	53	2	1	710	2155	[708,2153,718,2158]	-1345.87	-481.96					0.0284324579616	9.16106719368	355	0.0628050764725	313.043478261	44	316.283378452	1.01872108181	13	11	
4	5	56	2	1	2086	759	[2079,756,2090,763]	-1143.02	-275.67					0.091528368308	74.1481481481	1134	0.212858246351	735.962962963	63	319.520243418	2.53539839118	5	5	
4	5	57	2	1	45	1378	[40,1373,51,1385]	-1444.54	-367.2					0.161904608258	80.0453639083	658	0.227207899067	414.352941176	118	287.570486815	1.71922477358	19	19	
4	5	58	2	1	1491	26	[1488,22,1494,30]	-1230.78	-167.26					0.0266109	9.64787	399	0.0613046	352.905	38	311.001	1.16576	1	1	
4	5	58	2	2	1497	29	[1493,26,1501,36]	-1229.88	-167.93					0.114759	55.7385	613	0.175499	429.962	70	311.001	1.56173	1	2	
4	5	58	2	3	1506	45	[1502,40,1510,51]	-1228.61	-170.04					0.118112	52.2824	581	0.196248	390.37	72	311.001	1.42332	1	3	
4	5	58	2	4	1494	44	[1488,41,1498,51]	-1230.51	-170.06					0.0516528	20.0871	457	0.106806	368.8	62	311.001	1.25044	1	4	
4	5	58	2	5	2109	584	[2106,580,2113,588]	-1139.49	-249.65					0.0302981	9.91707	377	0.0858295	317.4	41	300.196	1.09034	4	14	
4	5	59	2	1	1473	39	[1469,34,1478,47]	-1233.4	-169.33					0.122592	63.1013	667	0.192535	451.625	95	315.752	1.63016	1	1	
4	5	59	2	2	1478	56	[1474,54,1483,59]	-1232.74	-171.68					0.0328784	13.5952	503	0.114182	399.905	34	315.752	1.30957	1	3	
4	5	59	2	3	1479	61	[1475,58,1483,66]	-1232.57	-172.43					0.0575301	24.2681	506	0.120008	397.565	54	315.752	1.33597	1	4	
4	5	59	2	4	1500	684	[1496,681,1503,690]	-1229.53	-264.73					0.0343011	15	480	0.0639426	422.304	46	359.966	1.21485	16	15	
4	5	60	2	1	33	1364	[28,1360,39,1369]	-1446.32	-365.03					0.06832	22.6561	387	0.11213	308.962	68	286.911	1.15582	6	2	
4	5	60	2	2	1470	39	[1465,38,1471,43]	-1234.25	-169.3					0.0282575	11.3583	473	0.0954145	390.6	24	311.819	1.28908	14	4	
4	5	60	2	3	1471	43	[1466,40,1473,46]	-1233.91	-169.74					0.0303732	12.1116	471	0.0983539	386.647	29	311.819	1.27882	14	5	
4	5	60	2	4	1459	54	[1455,49,1464,60]	-1235.44	-171.36					0.0782566	29.3926	467	0.148549	346.2	81	311.819	1.20452	14	6	
4	5	60	2	5	2148	1945	[2142,1939,2154,1951]	-1133.7	-450.89					0.230627	139.875	859	0.295996	466.622	137	293.962	2.06318	24	14	
4	5	61	2	1	1476	67	[1472,63,1481,75]	-1232.98	-173.52					0.10778162531	47.1391447368	561	0.179539406682	390.21875	95	319.758485515	1.36777572621	14	8	
4	5	62	2	1	1463	34	[1460,31,1467,39]	-1234.92	-168.47					0.0833237	34.0904	510	0.152488	375.042	53	308.438	1.32646	13	19	
4	5	62	2	2	1476	49	[1472,46,1480,56]	-1232.98	-170.9					0.102374	43.6688	511	0.143314	382.893	73	308.438	1.38297	13	20	
4	5	62	2	3	2150	1152	[2146,1149,2153,1157]	-1133.4	-333.64					0.0272628	8.2753	333	0.0600653	295.263	39	273.128	1.11134	25	35	
4	5	63	2	1	1479	31	[1475,27,1484,36]	-1232.58	-167.95					0.102767432856	43.5749253731	525	0.159657183248	380.44	67	306.659634318	1.38268907258	17	7	
4	5	6	3	1	387	1019	[384,1016,390,1023]	543.45	-314.05					0.0284888075227	8.77820512821	332	0.0517145798685	299.35	39	316.770020534	0.972718960617	1	3	
4	5	21	3	1	2145	2051	[2143,2048,2149,2054]	803.45	-466.53					0.0328106311494	10.7039215686	359	0.0644458009942	315.529411765	30	255.835391741	1.27516889322	1	1	
4	5	16	4	1	316	14	[314,12,318,16]	532.99	-811.2					0.0284480252502	10.3787878788	537	0.204772588211	354.454545455	18	316.467985424	1.15282856446	1	1	
4	5	49	4	1	1523	76	[1521,73,1527,79]	711.43	-820.38					0.0260952325457	10.2950191571	451	0.0799521085539	384.222222222	29	374.968144961	1.05213535251	2	1	
4	5	57	4	1	2082	1803	[2079,1800,2086,1806]	794.12	-1075.65					0.0410227928605	11.3123123123	307	0.0744701536068	264.444444444	37	252.99497312	1.08996931186	5	3	
4	5	2	5	1	1529	1341	[1525,1338,1534,1346]	-256.38	-1007.5					0.0358782	11.6793	361	0.0698735	313.846	59	313.675	1.03778	2	2	
4	5	2	5	2	15	1667	[11,1663,19,1670]	-480.25	-1055.51					0.0318951	10.2923	353	0.0610159	312.4	39	288.869	1.11709	3	3	
4	5	9	5	1	31	1707	[29,1706,32,1710]	-477.95	-1061.66					0.0276105856501	9.1746031746	363	0.0581376518219	323.111111111	14	307.872134039	1.07929779135	7	4	
4	5	18	5	1	14	1761	[13,1760,16,1764]	-480.36	-1069.58					0.0264892700423	8.01212121212	375	0.120315046171	294.454545455	15	295.523652138	1.02349393857	4	1	
4	5	31	5	1	16	572	[11,569,19,575]	-480.16	-893.76					0.0282228257063	8.0421286031	327	0.0829444528075	276.909090909	41	248.702824134	1.14574983418	1	1	
4	5	34	5	1	127	2083	[123,2081,129,2085]	-463.78	-1117.1					0.0259831575505	8.14871794872	346	0.0622185837086	305.466666667	26	303.306162902	1.03398948974	8	7	
4	5	40	5	1	143	2075	[141,2073,149,2081]	-461.14	-1116.12					0.0283169095882	9.49136577708	372	0.0663726571114	325.692307692	49	320.127689694	1.04703118243	16	6	
4	5	7	6	1	630	1652	[626,1649,633,1655]	-1358.07	-1053.42					0.0387741187985	26.372688478	783	0.0899300340672	653.789473684	37	554.691847826	1.22619823029	4	2	
4	5	10	6	1	621	1678	[619,1676,624,1684]	-1359.31	-1057.4					0.025104275472	15.9383458647	708	0.0671108995716	618.947368421	35	558.354950782	1.13706471734	6	2	
4	5	37	6	1	2134	197	[2133,196,2136,199]	-1135.71	-838.33					0.0336968268003	9.52777777778	389	0.174832214765	273.222222222	12	255.85842803	1.10510332678	1	1	
4	5	46	6	1	1214	387	[1209,381,1217,392]	-1271.82	-866.2					0.0536381246406	31.9306306306	736	0.132859598266	563.366666667	74	421.414248021	1.41261786969	1	3	
4	5	47	6	1	1233	377	[1231,374,1236,382]	-1268.77	-865.02					0.0254478	16.5108	763	0.0936716	632.3	37	392.987	1.65097	1	1	
4	5	47	6	2	1228	379	[1226,377,1231,384]	-1269.59	-865.28					0.0289457	18.1499	709	0.0759686	608.882	31	392.987	1.59555	1	2	
4	5	47	6	3	1223	381	[1219,378,1228,388]	-1270.33	-865.78					0.0698499	40.667	728	0.146873	541.538	73	392.987	1.48149	1	3	
4	5	50	6	1	1134	966	[1133,965,1136,972]	-1283.51	-952.28					0.0274383708467	15.7538461538	680	0.0981912144703	558.4	26	410.87020963	1.3974092857	13	2	
4	5	59	6	1	596	1122	[593,1118,599,1125]	-1363.07	-974.92					0.0296367538493	9.73099415205	359	0.0596048208576	318.611111111	38	326.521862992	1.00557464133	13	5	
4	5	63	6	1	39	725	[37,722,41,727]	-1445.42	-916.25					0.0356483454055	12.55	395	0.0755616065351	339.5	20	287.388957192	1.22499487607	4	8	
4	5	6	7	1	2006	340	[2003,338,2009,343]	-1154.65	-1505.28					0.0261605539882	7.28571428571	305	0.0586339407463	271.214285714	26	273.286175465	1.01907825936	5	1	
4	5	49	7	1	339	728	[335,725,342,731]	-1401.17	-1562.58					0.0256111003047	10.9722222222	465	0.0538907076303	417.444444444	36	349.030461812	1.22744778333	3	1	
4	5	50	7	1	1171	477	[1167,474,1174,483]	-1278.17	-1525.67					0.0302279386007	11.9394654088	439	0.0680723807593	383.041666667	53	360.780218717	1.09479708583	3	2	
4	5	63	7	1	483	1077	[477,1073,489,1083]	-1379.68	-1614.26					0.0541086467423	22.4036191975	492	0.113569160004	391.64516129	82	339.829373246	1.21840197783	8	3	
4	5	32	9	1	530	2104	[524,2102,533,2108]	564.4	-1766.18					0.0386339334896	15.1247357294	456	0.0956749672346	376.363636364	43	370.63870395	1.0562533484	2	1	
4	6	0	1	1	228	1300	[221,1295,237,1305]	-448.65	-355.49					0.0307328798674	25.3490838959	963	0.0927841933115	799.470588235	122	761.975778547	1.0824749229	2	2	
4	6	5	1	1	110	2146	[103,2144,117,2151]	-466	-480.68					0.0314949893187	16.674688057	624	0.0978525226391	512.764705882	66	477.528561597	1.1087072827	2	1	
4	6	7	1	1	29	187	[27,185,32,192]	-478.1	-191.12					0.0253960810919	10.3265720081	470	0.0850818225029	396.294117647	29	336.26973027	1.20920990816	1	2	
4	6	19	1	1	807	2134	[803,2132,810,2139]	-363.2	-479.01					0.0326869806094	14.75	501	0.0688	436.5	36	405.329809725	1.11329092796	5	2	
4	6	24	1	1	1299	32	[1293,26,1304,39]	-290.46	-168.25					0.0923832608367	44.9704391892	595	0.147750377978	441.810810811	128	443.729339746	1.09702290653	1	2	
4	6	28	1	1	479	52	[474,48,485,56]	-411.61	-170.98					0.033714464137	13.7257869249	455	0.0726162913071	393.392857143	59	360.800421496	1.1283762984	2	1	
4	6	32	1	1	457	85	[455,82,461,91]	-414.75	-176.03					0.0309997069154	14.3059866962	524	0.0790976317514	447.181818182	41	421.172423719	1.0957217968	1	3	
4	6	34	1	1	1134	328	[1132,325,1139,332]	-314.62	-211.89					0.032920810134	31.488372093	1040	0.058524173028	925	43	889.237220947	1.07562790846	2	3	
4	6	35	1	1	1130	275	[1124,268,1134,282]	-315.48	-203.92					0.0437322	38.8723	1044	0.102429	850	94	913.543	0.972995	2	3	
4	6	35	1	2	1138	327	[1133,322,1144,337]	-314.04	-212.04					0.0322193	30.8077	1083	0.078482	925.378	86	913.543	1.04668	2	5	
4	6	36	1	1	448	33	[445,31,452,37]	-416.15	-168.32					0.0264240849036	11.5578947368	493	0.0730897009967	425.842105263	40	437.118207817	1.00064465899	3	3	
4	6	39	1	1	53	569	[50,567,55,571]	-474.7	-247.48					0.0267034015047	10.08	422	0.0691664555359	367.4	25	390.219830656	0.967352170097	5	5	
4	6	43	1	1	419	99	[416,93,422,103]	-420.46	-177.88					0.0405205863333	18.4289215686	510	0.0777968564258	436.375	51	426.006232471	1.06759922016	1	3	
4	6	51	1	1	643	984	[639,981,647,987]	-387.44	-308.82					0.0266694568452	13.3217189315	569	0.0784782706801	486.19047619	41	503.623051144	0.991837434739	2	1	
4	6	60	1	1	790	349	[787,344,794,354]	-365.62	-215					0.0266356348591	17.9130434783	723	0.0496449424018	654.608695652	46	557.938987056	1.2053678892	5	2	
4	6	5	2	1	1578	1350	[1576,1347,1582,1353]	-1217.88	-362.98					0.028664942195	16.96875	651	0.0619902120718	575	32	527.97502481	1.12120597033	4	12	
4	6	23	2	1	18	750	[16,748,22,756]	-1448.32	-274.37					0.0285916	11.3023	440	0.0679612	384	43	380.186	1.03976	3	2	
4	6	23	2	2	16	1928	[12,1926,19,1938]	-1448.86	-448.9					0.0265896	14.565	630	0.0832123	533.207	57	437.9	1.25091	5	3	
4	6	24	2	1	12	698	[10,695,17,700]	-1449.23	-266.49					0.02937171083	10.2620967742	391	0.0710494778291	339.125	31	359.963895487	0.970617056751	1	1	
4	6	27	2	1	1196	1383	[1191,1378,1201,1388]	-1274.44	-367.82					0.0299379892244	25.7811447811	973	0.0761069921763	835.37037037	66	827.606042296	1.04053314154	3	2	
4	6	33	2	1	1589	13	[1587,11,1592,18]	-1216.28	-165.53					0.028105351097	18.1849217639	720	0.0675823318246	628.842105263	37	627.968653964	1.03034924266	1	1	
4	6	34	2	1	1560	19	[1557,15,1565,24]	-1220.49	-166.22					0.0280195	19.0464	739	0.0559343	660.708	53	632.64	1.07447	1	1	
4	6	34	2	2	1578	22	[1576,19,1583,27]	-1217.83	-166.82					0.0268041	17.9313	752	0.0719539	651.045	43	632.64	1.05744	1	2	
4	6	34	2	3	18	1249	[10,1244,25,1254]	-1448.58	-348.08					0.0383696	27.6641	840	0.0956574	693.326	102	557.248	1.29384	3	4	
4	6	35	2	1	1527	7	[1522,4,1530,12]	-1225.59	-164.48					0.0288257440969	18.4752791069	729	0.0788376160366	622.454545455	57	672.655667145	0.952834943444	1	1	
4	6	40	2	1	1650	34	[1647,32,1654,37]	-1207.18	-168.41					0.0255928740201	16.7849264706	740	0.0731957003924	639.058823529	32	637.76	1.02835510223	1	3	
4	6	44	2	1	955	23	[952,20,959,26]	-1310.02	-166.69					0.0254531752547	13.8260233918	589	0.0533201562426	529.368421053	36	575.177352206	0.944394702539	1	1	
4	6	45	2	1	916	39	[913,36,925,43]	-1315.5	-169.24					0.0269725785922	16.4524555904	685	0.0715537934569	593.517241379	66	596.532957169	1.0225247233	1	1	
4	6	46	2	1	325	301	[320,296,331,305]	-1403.06	-207.79					0.0374077	16.5383	493	0.0734059	425.571	82	421.184	1.04968	3	2	
4	6	46	2	2	323	314	[319,310,327,319]	-1403.45	-209.9					0.0290261	11.8415	471	0.0863548	396.12	52	421.184	0.968607	3	3	
4	6	47	2	1	1355	13	[1351,9,1359,18]	-1250.9	-165.25					0.0311301	18.25	650	0.0673235	568	56	549.106	1.06764	1	1	
4	6	47	2	2	1326	20	[1321,16,1331,25]	-1255.08	-166.4					0.0273207	16.5763	678	0.0692709	590.154	63	549.106	1.10494	1	2	
4	6	51	2	1	1353	1947	[1350,1943,1358,1953]	-1251.05	-451.22					0.0314231885254	23.8020833333	898	0.100715015322	733.666666667	64	763.702774427	0.991837106482	6	3	
4	6	57	2	1	2147	2047	[2144,2044,2151,2052]	-1133.75	-466					0.0275831172792	15.3925531915	610	0.0584305730274	542.65	47	533.965687169	1.04509066144	8	16	
4	6	59	2	1	24	2083	[19,2079,30,2088]	-1447.56	-471.28					0.033569149674	17.9259259259	617	0.0890726636812	516.074074074	67	566.202882725	0.943124834387	5	3	
4	6	60	2	1	73	2104	[69,2101,76,2108]	-1440.46	-474.51					0.0347144554732	22.0722222222	713	0.0748068588656	613.75	45	576.029615919	1.10380127107	3	2	
4	6	64	2	1	2147	370	[2140,364,2151,374]	-1133.97	-217.96					0.0294873442117	15.8275862069	612	0.080383503272	520.931034483	58	543.522038567	0.987556313456	3	2	
4	6	0	3	1	488	2143	[483,2140,497,2148]	558.48	-480.13					0.0329314	17.3115	603	0.0851458	508.371	82	512.809	1.0251	2	4	
4	6	0	3	2	1381	1879	[1376,1875,1385,1883]	690.4	-441.14					0.0308088	20.6706	735	0.0611732	650.259	57	747.52	0.89754	3	10	
4	6	1	3	1	1382	1879	[1377,1875,1387,1887]	690.45	-441.39					0.0335489084558	23.0003293808	754	0.064538900892	662.575757576	92	711.487380331	0.963581513755	4	11	
4	6	6	3	1	788	19	[785,17,791,26]	602.68	-166.4					0.0285473	16.4342	633	0.0618578	559.25	38	573.393	1.004	1	1	
4	6	6	3	2	220	886	[216,883,224,893]	518.73	-294.59					0.0356057	9.47619	315	0.102041	256.667	63	237.864	1.11889	2	2	
4	6	7	3	1	1896	1405	[1893,1401,1901,1413]	766.7	-371.32					0.0386234093746	29.3723091977	859	0.0804303393752	731.107142857	73	730.694197019	1.0407629555	4	3	
4	6	24	3	1	323	22	[320,20,333,25]	534.42	-166.74					0.0298445558481	19.7023809524	768	0.0905494839871	640.464285714	54	642.737669377	1.02711681316	1	3	
4	6	27	3	1	2151	692	[2150,690,2154,695]	804.33	-265.7					0.0272108843537	10	409	0.0671885192433	357.5	18	357.661398176	1.02750814562	2	4	
4	6	31	3	1	1219	37	[1213,34,1226,46]	666.45	-169.2					0.0287275822982	20.2916943522	829	0.094348162257	686.057142857	86	660.302218822	1.06973567114	3	2	
4	6	43	3	1	12	2044	[7,2041,19,2048]	488.17	-465.51					0.0350158415152	18.3694063927	583	0.0704777060318	506.233333333	73	492.618909992	1.0649261104	2	1	
4	6	53	3	1	960	1371	[957,1369,963,1376]	628.14	-366.2					0.0250896057348	8.79861111111	377	0.0488408037094	341.888888889	32	377.010267969	0.93018023591	12	9	
4	6	54	3	1	1581	80	[1578,78,1585,87]	719.97	-175.54					0.0319207275689	9.79833333333	339	0.0657696177062	297.16	48	315.481349911	0.972984087395	2	1	
4	6	56	3	1	200	1768	[192,1763,204,1772]	515.6	-424.6					0.0259019	12.7718	559	0.0757111	480.313	83	474.631	1.03888	10	12	
4	6	56	3	2	236	1908	[233,1904,239,1911]	521.13	-445.31					0.0291198	12.6976	483	0.0658134	423.35	42	474.631	0.918709	10	13	
4	6	57	3	1	640	1643	[635,1640,643,1648]	580.71	-406.27					0.0274755	22.4884	907	0.0651791	796	43	642.509	1.27389	11	6	
4	6	57	3	2	644	1646	[637,1642,647,1651]	581.33	-406.82					0.0510022	40.1225	909	0.0981179	746.56	63	642.509	1.22439	11	7	
4	6	58	3	1	18	656	[15,654,20,660]	488.92	-260.41					0.0297104	12.8111	470	0.0580952	418.389	30	361.232	1.19369	2	4	
4	6	58	3	2	640	1637	[632,1631,646,1643]	580.73	-405.38					0.110114	98.2265	1116	0.168699	793.816	142	646.892	1.37897	7	10	
4	6	63	3	1	1542	2138	[1537,2135,1545,2145]	713.99	-479.67					0.0317778283633	13.4879227053	502	0.0997237832174	410.956521739	45	405.160977971	1.04759457974	5	4	
4	6	1	4	1	1957	2138	[1954,2134,1961,2144]	775.58	-1125.35					0.0264721	21.6429	931	0.0782148	795.929	63	691.307	1.18265	1	2	
4	6	1	4	2	1967	2140	[1961,2136,1975,2147]	777.03	-1125.56					0.0270153	19.053	804	0.0790394	686.214	101	691.307	1.02019	1	3	
4	6	7	4	1	24	2082	[22,2079,28,2088]	489.92	-1117.11					0.0274650621118	13.4229249012	574	0.0940581751885	475.304347826	44	434.652226721	1.12440991368	1	2	
4	6	11	4	1	16	2056	[10,2054,19,2060]	488.43	-1113.3					0.0270711194213	11.5365079365	487	0.0802788634203	414.619047619	45	378.285043595	1.12654613967	3	2	
4	6	21	4	1	1944	2132	[1939,2129,1947,2137]	773.45	-1124.45					0.0252343579682	13.314471243	568	0.0495989248667	514.318181818	49	489.701075269	1.07745863693	2	1	
4	6	23	4	1	1380	17	[1376,14,1383,20]	690.28	-811.73					0.0268238	11.7839	486	0.0640117	427.524	39	384.4	1.14284	1	2	
4	6	23	4	2	1263	1996	[1260,1992,1266,2002]	672.96	-1104.29					0.0308758	14.6637	542	0.0815547	460.261	53	398.64	1.19136	2	4	
4	6	23	4	3	1246	1997	[1243,1993,1250,2004]	670.53	-1104.48					0.0764755	40.8582	660	0.144435	493.407	64	398.64	1.34022	2	5	
4	6	26	4	1	1193	1990	[1189,1987,1196,1995]	662.58	-1103.47					0.0391571553995	22.3	634	0.0734845919404	547.2	40	383.781260097	1.48391820866	2	2	
4	6	28	4	1	1149	1907	[1146,1902,1153,1910]	656.19	-1090.94					0.0349570008062	13.341025641	428	0.0749717443175	368.3	39	371.045862884	1.02855486024	2	1	
4	6	35	4	1	1509	18	[1505,13,1513,25]	709.27	-811.96					0.0271543507432	13.433048433	545	0.0621097838248	481.259259259	65	432.920511957	1.14268622999	1	1	
4	6	39	4	1	53	926	[49,921,58,932]	494.24	-946.08					0.0272975346778	26.5733277939	1136	0.0907886894908	946.896551724	83	782.391760693	1.24422307139	3	4	
4	6	40	4	1	1511	26	[1508,23,1520,31]	709.91	-813.11					0.0324010262164	17.0281747652	596	0.0792056074766	508.516129032	79	469.586622245	1.11916370463	1	1	
4	6	44	4	1	999	1984	[997,1981,1002,1987]	633.95	-1102.48					0.0274258736562	12.5918003565	559	0.111852111852	446.529411765	33	325.0224659	1.41258300669	2	1	
4	6	45	4	1	1020	2003	[1015,1997,1024,2009]	636.93	-1105.22					0.0308499424305	14.2168103448	573	0.123947377321	446.620689655	80	320.957709251	1.43582000593	4	4	
4	6	47	4	1	1667	1149	[1663,1146,1671,1157]	732.74	-979.24					0.0360761008296	13.9153846154	459	0.104948844961	371.807692308	65	405.941157025	0.950194554674	1	3	
4	6	57	4	1	1206	1802	[1202,1797,1210,1807]	664.5	-1075.55					0.0482191135108	33.818989071	789	0.0833881625998	667.541666667	61	623.505359953	1.12486708341	7	6	
4	6	58	4	1	1759	1049	[1753,1044,1764,1056]	746.22	-964.32					0.0785838078732	34.0071428571	525	0.136679966596	398.742857143	108	440.455764075	0.982505021608	2	10	
4	6	60	4	1	1407	19	[1403,15,1415,24]	694.55	-812.03					0.0341330680555	15.7648648649	528	0.0840776101016	446.1	74	434.335434489	1.0633828792	1	1	
4	6	6	5	1	16	1434	[13,1432,19,1438]	-480.13	-1021.24					0.0305239212544	10.6675	390	0.0702341137124	338.8125	25	278.603612167	1.25439866799	6	2	
4	6	8	5	1	109	355	[107,353,112,357]	-466.26	-861.67					0.0284662146364	10.2167832168	401	0.0697722142417	348.692307692	22	374.693897165	0.957872795967	1	1	
4	6	10	5	1	14	1929	[11,1927,18,1933]	-480.3	-1094.48					0.027798621533	13.0751633987	506	0.0505796182017	457.277777778	34	426.82327044	1.10198523312	4	4	
4	6	11	5	1	186	432	[180,429,191,436]	-454.97	-873.06					0.0330697456298	16.2301587302	557	0.079922447221	474.555555556	56	458.041723666	1.07148691686	2	3	
4	6	19	5	1	443	24	[441,22,451,30]	-416.62	-813.01					0.0308315763978	15.2713365539	539	0.057854765765	480.043478261	54	504.589779006	0.981618802884	1	1	
4	6	24	5	1	14	1365	[12,1364,16,1367]	-480.35	-1010.98					0.0257271222511	7.77142857143	340	0.0720479268485	294.3	14	276.522123894	1.09239515565	3	4	
4	6	30	5	1	663	3	[659,0,668,8]	-384.37	-809.68					0.0352467	18.6163	599	0.0806856	509.556	64	477.767	1.1055	1	1	
4	6	30	5	2	1964	2026	[1959,2022,1967,2030]	-192.23	-1108.6					0.0262901	12.3789	534	0.0760941	458.478	49	429.743	1.09567	4	10	
4	6	31	5	1	725	16	[722,13,736,20]	-374.74	-811.52					0.0252726510067	16.0666666667	734	0.0844619551835	619.666666667	60	524.323626374	1.21248271364	1	2	
4	6	34	5	1	19	1712	[11,1708,21,1717]	-480.09	-1062.39					0.0268737779709	11.4537037037	505	0.0981244903506	414.75	54	369.097575758	1.15471824172	2	2	
4	6	35	5	1	10	1677	[7,1675,14,1681]	-480.97	-1057.14					0.0250375	9.39048	409	0.055938	365.667	35	428.659	0.874955	2	1	
4	6	35	5	2	31	1735	[28,1732,34,1738]	-477.86	-1065.66					0.0260271	12.3889	537	0.0733441	463.611	31	428.659	1.11044	2	2	
4	6	36	5	1	45	1750	[43,1747,48,1752]	-475.68	-1067.81					0.026596270427	14.9490740741	642	0.0797855566067	547.125	27	468.735015175	1.19912969136	2	2	
4	6	38	5	1	37	1697	[33,1694,42,1702]	-476.96	-1060.17					0.0288452508637	13.8952380952	525	0.0575919997122	467.821428571	60	519.378339966	0.927487015917	8	9	
4	6	46	5	1	1879	1166	[1876,1163,1882,1168]	-204.7	-981.5					0.0280645921735	11.4471153846	442	0.0543421543049	396.4375	26	463.357316793	0.880280942163	4	3	
4	6	52	5	1	811	2140	[807,2137,817,2145]	-362.48	-1125.6					0.0349791	18.886	617	0.0843232	521.037	65	526.714	1.02508	3	1	
4	6	52	5	2	1346	111	[1342,108,1356,116]	-283.12	-825.75					0.0316369	22.009	772	0.0680194	673.667	74	626.478	1.11046	5	3	
4	6	54	5	1	809	2131	[807,2129,813,2134]	-362.7	-1124.21					0.0256597138735	13.7701612903	597	0.0661904230383	522.875	31	552.311163102	0.971635551012	2	2	
4	6	61	5	1	55	68	[51,64,59,73]	-474.38	-819.37					0.0285635947228	17.362745098	658	0.0540648778534	590.5	51	516.109364821	1.17777894867	2	6	
4	6	62	5	1	448	182	[443,173,455,187]	-416.22	-835.78					0.0741869	30.8448	528	0.156719	384.927	127	501.855	0.828469	6	3	
4	6	62	5	2	132	484	[129,480,137,489]	-462.8	-880.77					0.0295708	14.0768	515	0.0542927	461.958	57	380.942	1.24963	8	5	
4	6	64	5	1	1026	467	[1022,465,1030,470]	-330.82	-878.26					0.0254799293158	14.439544808	615	0.0537469564433	552.263157895	37	552.092528427	1.02646327114	15	9	
4	6	2	6	1	1068	18	[1065,16,1072,22]	-1293.31	-811.96					0.0290336095589	15.1806543385	577	0.0639041195594	507.684210526	37	456.234669811	1.14604369081	3	1	
4	6	4	6	1	1325	2125	[1322,2122,1327,2128]	-1255.43	-1123.29					0.0272628440778	11.2615740741	456	0.0631693989071	401.8125	27	420.440495423	0.982479277261	4	2	
4	6	8	6	1	20	721	[17,715,23,724]	-1448.23	-915.62					0.0324356357411	12.0146341463	413	0.070780399274	358.4	41	331.161275199	1.11853245499	1	3	
4	6	13	6	1	25	607	[19,601,32,615]	-1447.49	-898.96					0.0572481295673	28.0179615706	566	0.101816039548	461.394736842	126	367.746061515	1.33084416022	1	2	
4	6	22	6	1	2141	867	[2139,864,2143,869]	-1134.75	-937.27					0.0284863983462	11.7106227106	448	0.0573710965868	399.384615385	21	390.665280665	1.05229529841	1	1	
4	6	30	6	1	758	1628	[755,1625,762,1632]	-1339.14	-1049.79					0.0272557916352	15.266798419	613	0.0588466219134	544.863636364	46	662.520230634	0.845454084091	3	2	
4	6	36	6	1	1923	708	[1920,705,1928,714]	-1166.88	-914.02					0.0330846438547	13.5854519774	456	0.0691154203097	397.041666667	59	367.529671211	1.11726249827	2	1	
4	6	53	6	1	26	869	[23,866,30,875]	-1447.3	-937.74					0.0326453582719	22.7073578595	779	0.073099152517	672.869565217	52	560.680601221	1.24059388101	5	3	
4	6	54	6	1	19	836	[16,833,25,840]	-1448.14	-932.77					0.0297681136163	18.55	723	0.0891834890027	604.6	60	517.078482668	1.20513620444	3	4	
4	6	55	6	1	22	802	[16,798,25,805]	-1448.05	-927.73					0.0256923	16.3077	700	0.0618746	618.423	52	502.748	1.26252	3	2	
4	6	55	6	2	556	1815	[553,1811,560,1820]	-1368.96	-1077.62					0.0367053	22.3521	684	0.0766493	586.609	51	559.61	1.08819	6	5	
4	6	57	6	1	20	814	[15,811,22,823]	-1448.41	-929.91					0.0375742834934	23.0538461538	720	0.0988172453262	590.5	65	492.492419989	1.24581378566	1	2	
4	6	0	7	1	17	450	[13,447,23,454]	-1448.61	-1521.54					0.0250745619486	10.7042440318	481	0.0722338920564	416.192307692	58	498.868078176	0.85573034315	2	5	
4	6	1	7	1	1152	15	[1145,9,1156,19]	-1280.99	-1457.19					0.0296168	19.5819	747	0.0759086	641.594	74	623.155	1.06101	1	1	
4	6	1	7	2	1136	17	[1130,14,1140,20]	-1283.33	-1457.56					0.0320056	20.5139	754	0.0971783	620.435	39	623.155	1.02855	1	2	
4	6	1	7	3	18	686	[14,684,23,689]	-1448.43	-1556.47					0.0284103	9.83333	379	0.0597164	336.286	42	290.038	1.19336	3	3	
4	6	1	7	4	2146	1413	[2143,1409,2151,1418]	-1133.94	-1663.88					0.0299922	14.7567	559	0.0788789	477.261	57	606.276	0.81154	6	21	
4	6	1	7	5	2092	1424	[2088,1421,2096,1428]	-1141.96	-1665.51					0.0266759	14.583	630	0.0842525	532.091	46	606.276	0.901691	6	24	
4	6	3	7	1	20	2095	[15,2093,22,2101]	-1448.33	-1764.88					0.0273880111268	18.7527716186	767	0.0705154639175	665.954545455	41	649.897253306	1.05356241097	3	6	
4	6	4	7	1	1314	26	[1310,23,1318,31]	-1256.93	-1458.95					0.0275106	10.158	413	0.0698327	359.083	58	338.771	1.08994	1	1	
4	6	4	7	2	1325	25	[1322,23,1328,30]	-1255.3	-1458.88					0.0267842	9.73492	405	0.0675844	353.722	35	338.771	1.07287	1	2	
4	6	5	7	1	33	2125	[27,2119,37,2129]	-1446.3	-1769.03					0.0285945709161	23.1674107143	930	0.0832622667804	787.035714286	64	761.797969188	1.06354067321	4	5	
4	6	6	7	1	513	1995	[510,1992,519,2001]	-1375.16	-1750.03					0.0395072	49.1667	1460	0.0996736	1195.33	68	1205.3	1.03253	5	2	
4	6	6	7	2	526	2010	[520,2006,529,2016]	-1373.66	-1752.3					0.0269758	36.2419	1485	0.0636553	1307.26	80	1205.3	1.11466	5	4	
4	6	7	7	1	2125	1163	[2122,1161,2129,1171]	-1137.05	-1627.28					0.0261565	14.0989	589	0.0575266	524.92	53	504.114	1.06924	2	1	
4	6	7	7	2	498	2013	[492,2010,503,2017]	-1377.59	-1752.5					0.0312621	34.2891	1309	0.103925	1062.54	58	1156.5	0.948399	4	3	
4	6	10	7	1	449	2005	[446,2002,457,2010]	-1384.52	-1751.47					0.0290887	31.9717	1248	0.0781215	1067.14	73	1126.83	0.975402	4	2	
4	6	10	7	2	500	2042	[496,2039,505,2046]	-1377.21	-1756.82					0.0263615	29.7061	1271	0.0734042	1097.17	55	1086.42	1.03724	5	3	
4	6	11	7	1	520	2079	[515,2075,523,2087]	-1374.45	-1762.59					0.0370001807925	34.5120453472	1058	0.0816661084768	898.24137931	73	1032.1712627	0.903680869992	3	2	
4	6	17	7	1	17	917	[14,913,21,922]	-1448.63	-1590.58					0.0254135976245	13.7291666667	592	0.0585605721949	526.5	48	431.414404432	1.25222793008	2	1	
4	6	20	7	1	1036	18	[1029,16,1038,22]	-1298.33	-1457.77					0.0261468675111	15.1801242236	656	0.0741848213014	565.391304348	42	576.996706915	1.00619539351	1	1	
4	6	22	7	1	665	13	[662,8,668,19]	-1352.92	-1456.86					0.0261568838629	14.4563492063	612	0.064142194745	538.222222222	56	501.157965194	1.10280312758	1	1	
4	6	23	7	1	252	1496	[250,1495,253,1499]	-1414.02	-1676.27					0.0871296620638	57.2848484848	1177	0.324569031664	600.181818182	15	605.019140791	1.08668738283	5	3	
4	6	25	7	1	1043	18	[1039,14,1051,22]	-1296.85	-1457.74					0.0359167	24.2447	748	0.0695025	650.781	77	631.104	1.06959	1	2	
4	6	25	7	2	454	202	[451,197,459,207]	-1383.91	-1484.89					0.0293437	20.9011	812	0.0802292	691.385	56	608.901	1.16979	3	3	
4	6	29	7	1	43	1598	[40,1595,47,1603]	-1444.71	-1691.29					0.0362264	19.2	685	0.145677	510.8	46	453.715	1.16814	5	2	
4	6	29	7	2	41	1603	[38,1600,45,1606]	-1445.16	-1691.99					0.0368083	22.4724	715	0.0974231	588.053	40	453.715	1.34561	5	3	
4	6	30	7	1	1523	2133	[1518,2129,1530,2139]	-1226.13	-1770.34					0.025846	20.0167	871	0.071709	754.441	83	716.452	1.08096	5	2	
4	6	30	7	2	1448	2154	[1444,2150,1452,2159]	-1237.19	-1773.43					0.0293101	19.5906	752	0.0736722	648.8	64	673.716	0.992096	6	3	
4	6	32	7	1	297	162	[292,158,302,165]	-1407.3	-1478.88					0.026305	14.1048	599	0.0685979	522.095	40	553.574	0.968614	3	1	
4	6	32	7	2	1498	2131	[1495,2128,1504,2134]	-1229.5	-1769.93					0.0290759	19.2609	744	0.0726845	643.174	46	670.018	0.988683	6	4	
4	6	37	7	1	1494	2137	[1487,2135,1496,2141]	-1230.71	-1771.04					0.0272596	17.9524	727	0.0631616	640.619	42	660.073	0.997725	7	3	
4	6	37	7	2	230	111	[221,106,237,117]	-1417.49	-1471.46					0.0276176	14.1158	592	0.087236	497	95	591.596	0.863961	8	4	
4	6	43	7	1	252	2139	[249,2135,255,2143]	-1414	-1771.21					0.0256953642384	14.55	602	0.0435988558551	551.7	40	526.041642898	1.0764356922	14	8	
4	6	45	7	1	27	1408	[22,1403,33,1413]	-1447.2	-1663.09					0.0253061517038	11.8822115385	510	0.0540933311804	457.65625	91	410.56489713	1.14364005501	8	8	
4	6	47	7	1	647	39	[643,35,654,43]	-1355.31	-1460.8					0.0505058	28.5958	640	0.0869634	537.593	69	513.067	1.10354	2	1	
4	6	47	7	2	18	1997	[14,1993,21,2002]	-1448.5	-1750.29					0.0255984	12.0213	520	0.0638397	457.591	49	418.32	1.12261	12	11	
4	6	48	7	1	1075	1990	[1072,1987,1081,1993]	-1292.18	-1749.12					0.0485129564193	29.9545454545	718	0.0999617004979	587.5	55	471.088947125	1.31069631165	19	14	
4	6	49	7	1	1095	1992	[1085,1986,1102,1999]	-1289.6	-1749.59					0.222155487909	170.053922821	1013	0.259622335965	595.418604651	182	483.941879951	1.58174474908	8	6	
4	6	50	7	1	518	20	[515,18,524,23]	-1374.42	-1457.98					0.03518	22.8955	728	0.0738152	627.913	47	638.469	1.01933	1	2	
4	6	50	7	2	55	167	[51,164,59,174]	-1442.97	-1479.98					0.0252303	18.4389	796	0.0554337	712.385	51	496.759	1.47118	2	3	
4	6	52	7	1	65	155	[61,151,71,161]	-1441.5	-1478.03					0.0631453	58.1	1084	0.11408	862	80	553.687	1.66177	2	1	
4	6	52	7	2	1116	1983	[1109,1978,1120,1989]	-1286.32	-1748.09					0.0957172	83.7687	1184	0.198745	791.4	83	505.574	1.73104	19	15	
4	6	53	7	1	20	127	[17,123,23,131]	-1448.3	-1473.77					0.0347661	14.3941	475	0.0861716	399.632	39	536.103	0.772288	2	1	
4	6	53	7	2	58	150	[52,146,62,156]	-1442.79	-1477.28					0.04568	36.1786	940	0.108607	755.821	72	536.103	1.47733	2	2	
4	6	53	7	3	1117	1980	[1110,1974,1125,1987]	-1285.96	-1747.71					0.189615	138.899	934	0.222808	593.632	147	495.714	1.47773	15	14	
4	6	55	7	1	1568	1400	[1565,1396,1573,1403]	-1219.27	-1661.81					0.0274385	13.0664	532	0.0691932	463.143	43	458.262	1.03916	3	2	
4	6	55	7	2	45	2005	[42,2002,49,2012]	-1444.48	-1751.57					0.0294923	16.5061	641	0.0826179	543.167	55	478.497	1.16965	10	5	
4	6	55	7	3	1894	1521	[1890,1517,1899,1526]	-1171.12	-1679.91					0.0591929	25.4306	525	0.130014	404.192	61	439.498	0.97753	20	12	
4	6	56	7	1	454	13	[450,10,460,17]	-1383.92	-1457.03					0.0289855072464	17.3333333333	670	0.0714285714286	580.666666667	47	575.95030303	1.03828402703	1	1	
4	6	57	7	1	1560	1994	[1554,1983,1566,1998]	-1220.64	-1749.32					0.0257112965448	11.7240215924	530	0.0880017287019	444.263157895	78	439.848627451	1.03669115016	10	4	
4	6	59	7	1	291	1587	[286,1584,296,1592]	-1408.19	-1689.62					0.0301194497874	11.5595533499	446	0.0901569991539	372.230769231	62	374.500186986	1.02480675823	4	1	
4	6	62	7	1	34	1969	[30,1965,39,1973]	-1446.15	-1745.96					0.0270293618997	14.3028571429	573	0.0534471437951	514.857142857	50	495.001443001	1.06900698469	28	18	
4	6	63	7	1	233	1413	[229,1410,238,1416]	-1416.62	-1663.85					0.0323568	13.2272	469	0.0849384	395.565	53	393.332	1.03931	24	7	
4	6	63	7	2	106	2118	[102,2113,110,2122]	-1435.44	-1768					0.0291788	20.2523	786	0.0768406	673.826	51	597.532	1.16157	31	16	
4	6	64	7	1	242	1414	[237,1411,246,1419]	-1415.38	-1664.12					0.0275678866588	11.2379679144	459	0.0731707317073	396.409090909	51	393.664571006	1.03551878642	19	14	
4	6	3	8	1	374	1129	[368,1126,377,1135]	-427.39	-1622.12					0.0710898718234	37.6274509804	622	0.117030829093	491.666666667	68	800.985151968	0.660803906722	1	11	
4	6	8	8	1	888	14	[885,8,892,19]	-351.2	-1456.99					0.0301823593158	26.9490740741	1010	0.0768015794669	865.925925926	56	788.503537736	1.13236651108	1	1	
4	6	12	8	1	401	1059	[397,1055,405,1065]	-423.24	-1611.61					0.0706355691533	33.9457128361	557	0.109971215588	446.62962963	73	594.40504758	0.808498084635	1	1	
4	6	15	8	1	321	1082	[317,1076,326,1087]	-434.89	-1614.87					0.0801948	45.6887	686	0.133854	524.032	86	441.434	1.29061	1	1	
4	6	15	8	2	343	1083	[341,1080,348,1089]	-431.7	-1615.22					0.0294934	15.0217	561	0.0632004	494.304	46	441.434	1.1538	1	2	
4	6	16	8	1	271	1158	[268,1155,275,1161]	-442.35	-1626.23					0.0253301	13.9986	626	0.0750011	538.65	37	423.02	1.30644	2	1	
4	6	16	8	2	270	1163	[268,1162,275,1165]	-442.31	-1626.94					0.0252455	13.8394	638	0.0884094	534.353	26	423.02	1.2959	2	2	
4	6	17	8	1	285	1184	[282,1181,289,1188]	-440.26	-1630.02					0.0307705038479	16.1460526316	618	0.0971268395235	508.578947368	40	421.527385537	1.24481829177	2	1	
4	6	18	8	1	302	1184	[299,1182,306,1189]	-437.77	-1630.17					0.0279825543248	16.4772727273	659	0.0703580657069	572.363636364	44	423.47095788	1.39051072602	3	1	
4	6	19	8	1	326	1120	[322,1114,331,1125]	-434.21	-1620.5					0.0516258820697	29.7653381102	661	0.0945583280991	546.793103448	77	534.847930703	1.07798573849	3	1	
4	6	20	8	1	330	1108	[325,1103,334,1112]	-433.62	-1618.73					0.0639487167301	40.7750582751	735	0.103731084671	596.846153846	66	539.3114111	1.18228763382	2	1	
4	6	31	8	1	2139	843	[2135,840,2144,850]	-166.18	-1579.8					0.0290681676651	14.8312807882	564	0.0647608131342	495.392857143	58	483.267772512	1.05577935661	2	2	
4	6	35	8	1	168	39	[162,36,172,45]	-457.71	-1460.89					0.0250632	15.8634	744	0.0932542	617.074	64	579.789	1.09167	1	1	
4	6	35	8	2	22	79	[18,76,25,83]	-479.34	-1466.61					0.0303894	8.525	309	0.0636833	272	40	342.033	0.82017	2	2	
4	6	44	8	1	130	37	[125,32,138,42]	-463.16	-1460.41					0.0371763966921	18.8363194655	602	0.104751512747	487.837837838	89	540.55540797	0.937321410226	1	2	
4	6	46	8	1	444	564	[441,560,448,568]	-416.9	-1538.29					0.0322107868682	21.9777777778	764	0.0727825883454	660.333333333	45	596.190227527	1.14445202153	2	1	
4	6	47	8	1	439	568	[436,563,445,573]	-417.55	-1538.99					0.0486766980783	33.7401335762	829	0.113942319656	659.407407407	61	595.380883418	1.16420859367	4	2	
4	6	48	8	1	44	110	[40,106,48,117]	-475.91	-1471.45					0.0723597409014	28.4157782516	480	0.137055837563	364.285714286	67	421.941348166	0.930701611122	6	7	
4	6	49	8	1	1852	975	[1851,974,1854,978]	-208.63	-1599.22					0.0288646424898	13.807486631	512	0.0485943027369	464.545454545	17	444.992944865	1.0749674724	10	9	
4	6	50	8	1	364	529	[360,524,369,533]	-428.65	-1533.15					0.0345046	29.3002	957	0.0771753	819.87	53	665.257	1.27645	7	8	
4	6	50	8	2	464	565	[460,559,467,570]	-413.94	-1538.48					0.0274936	19.3903	768	0.056487	685.875	49	665.257	1.06014	7	9	
4	6	50	8	3	1838	987	[1836,985,1841,990]	-210.73	-1600.92					0.0258006	12.5302	522	0.0491144	473.125	29	453.178	1.07167	10	16	
4	6	51	8	1	366	524	[362,520,373,532]	-428.08	-1532.61					0.0461197	37.5176	1019	0.135398	775.966	89	660.169	1.23224	10	6	
4	6	51	8	2	467	559	[462,554,472,566]	-413.48	-1537.74					0.0672527	48.9036	861	0.118721	678.258	99	660.169	1.10148	10	8	
4	6	54	8	1	86	47	[80,39,92,53]	-469.82	-1461.83					0.177074478875	125.08567038	998	0.263838437698	581.315789474	137	344.254378785	2.05197523513	1	1	
4	6	55	8	1	66	44	[61,39,72,53]	-472.68	-1461.78					0.166465153595	112.630831213	944	0.252012452337	563.972222222	131	327.307219662	2.06718035164	1	1	
4	6	56	8	1	59	49	[55,45,64,56]	-473.7	-1462.41					0.135577913224	90.9229756419	866	0.198027534195	579.709677419	98	332.653611836	2.01600893301	1	1	
4	6	62	8	1	1359	192	[1356,189,1364,196]	-281.45	-1483.45					0.037933437167	22.5731707317	671	0.0792119018898	572.5	41	508.134966939	1.17109274002	7	4	
4	6	2	9	1	32	1106	[27,1104,35,1110]	490.87	-1618.6					0.0285666061859	16.925	660	0.0683501274736	575.55	40	460.927580894	1.28539715252	1	3	
4	6	3	9	1	2083	30	[2078,27,2086,33]	794.11	-1459.4					0.0287746262871	10.9589216945	419	0.0622456468077	369.894736842	41	360.534663866	1.05635795031	1	2	
4	6	7	9	1	1788	1920	[1785,1917,1791,1926]	750.56	-1739.07					0.0288888888889	13.7536231884	534	0.0719304115089	462.333333333	46	439.713318596	1.08272125584	4	2	
4	6	29	9	1	369	911	[361,906,375,917]	540.79	-1589.64					0.0421948370796	18.0632653061	487	0.0858071091859	410.028571429	98	422.720900715	1.01270563157	3	2	
4	6	30	9	1	933	13	[929,10,937,18]	624.09	-1457.04					0.0295615339552	14.8248587571	551	0.0619980725988	486.666666667	59	460.323731139	1.08943226582	1	1	
4	6	36	9	1	1568	16	[1563,14,1572,20]	718.03	-1457.43					0.0372880507609	19.0360046458	586	0.0877270517523	491.476190476	41	491.41778036	1.03885576698	1	1	
4	6	41	9	1	577	58	[572,54,581,64]	571.54	-1463.57					0.0501225885724	18.7343915344	430	0.0954897150406	355.037037037	70	392.128790349	0.953185376261	1	2	
4	6	44	9	1	556	20	[553,18,559,23]	568.49	-1457.95					0.027528809219	9.21428571429	378	0.0746268656716	325.5	28	338.571206629	0.988608242996	1	2	
4	6	45	9	1	504	98	[502,95,506,100]	560.77	-1469.41					0.0252722801265	8.99166666667	389	0.0573525414515	346.8	24	386.904940924	0.919584189897	6	3	
4	6	62	9	1	26	966	[24,962,32,972]	490.28	-1597.96					0.0369582180606	20.84	640	0.0819583446037	543.04	50	480.149216443	1.17438492179	1	1	
4	6	63	9	1	20	977	[17,973,25,987]	489.3	-1599.87					0.0600976379477	31.854644384	657	0.137471726564	498.193548387	83	465.399804138	1.13890935935	3	2	
4	7	21	2	1	1271	999	[1268,996,1274,1004]	-1263.33	-311.11					0.0324467550062	25.8186423506	883	0.0684221140273	769.904761905	47	735.26191446	1.08223122755	1	3	
4	7	51	2	1	1249	1030	[1241,1023,1255,1035]	-1266.73	-315.37					0.0462872610016	39.5205263158	969	0.0867556998451	814.289473684	100	733.528111181	1.16397720413	3	3	
4	7	52	2	1	1226	1008	[1222,1004,1231,1013]	-1269.88	-312.41					0.0370788285924	30.2785714286	936	0.0869051321928	786.321428571	70	765.984561404	1.06607892789	2	3	
4	7	53	2	1	1333	1231	[1329,1228,1337,1235]	-1254.14	-345.38					0.0467997275066	41.0231729055	974	0.0765134388345	835.545454545	51	742.713423609	1.18022456521	7	12	
4	7	3	3	1	255	197	[252,194,259,203]	524.03	-192.56					0.0260837015667	14.0049019608	580	0.0517567057046	522.916666667	51	481.64633091	1.11476312425	1	1	
4	7	31	3	1	1946	1009	[1939,1004,1951,1017]	773.9	-312.46					0.10015243433	58.5990990991	746	0.172495088409	526.5	111	453.61406578	1.28986101454	1	1	
4	7	37	3	1	1022	2147	[1020,2144,1024,2149]	637.26	-480.68					0.0302758	8.41667	306	0.0632691	269.583	20	261.387	1.06356	2	1	
4	7	37	3	2	1929	1077	[1923,1073,1934,1087]	771.18	-322.86					0.0536678	30.3622	693	0.128314	535.381	109	441.454	1.28154	3	2	
4	7	38	3	1	1912	1086	[1907,1082,1917,1093]	768.83	-323.94					0.0511369	28.141	659	0.115846	522.167	78	445.926	1.23408	3	1	
4	7	38	3	2	1919	1088	[1912,1083,1923,1094]	769.73	-324.38					0.0518573	28.9541	668	0.115763	529.387	85	445.926	1.25209	3	2	
4	7	39	3	1	1893	1085	[1890,1079,1898,1093]	766.18	-323.95					0.0599166	34.1162	701	0.134049	535.278	99	447.617	1.27206	2	1	
4	7	39	3	2	1899	1083	[1897,1080,1902,1090]	767.01	-323.74					0.0250346	14.5441	669	0.0830354	566.417	51	447.617	1.2979	2	2	
4	7	40	3	1	1890	1096	[1886,1089,1899,1100]	766.11	-325.22					0.0401476023433	22.8362299465	680	0.109325144543	545.970588235	88	453.105901222	1.25535071745	2	1	
4	7	53	3	1	1884	1938	[1880,1934,1889,1942]	764.81	-449.79					0.038663532153	27.7379104478	808	0.079002190054	689.68	67	553.928204932	1.29514602084	5	2	
4	7	59	3	1	1926	1913	[1922,1909,1930,1920]	771.01	-446.25					0.0330600365982	19.7950461389	673	0.0751094830198	578.965517241	71	550.937837124	1.08680239953	5	6	
4	7	60	3	1	1936	1226	[1933,1223,1939,1231]	772.47	-344.7					0.0319273678048	16.3281378179	555	0.0570553163299	495.086956522	53	489.011809615	1.04581338177	1	1	
4	7	3	4	1	422	170	[418,166,426,174]	548.61	-834.3					0.0508151679884	23.8521634615	535	0.0912371538401	445.538461538	64	424.931339511	1.10462698642	2	8	
4	7	4	4	1	203	28	[199,25,208,33]	516.33	-813.43					0.0267049	17.1897	730	0.0762993	626.5	58	584.84	1.10063	1	2	
4	7	4	4	2	405	81	[402,78,417,91]	546.71	-821.63					0.0409898	22.1548	638	0.103481	518.341	117	500.529	1.07985	2	4	
4	7	5	4	1	479	218	[476,214,483,223]	557.12	-841.49					0.0718974233529	26.7196969697	440	0.121138125066	344.916666667	55	408.34420216	0.910105645361	2	8	
4	7	8	4	1	515	122	[512,120,520,126]	562.44	-827.3					0.0279485	12.9549	529	0.0800642	450.571	38	441.94	1.04884	1	2	
4	7	8	4	2	522	149	[517,146,525,153]	563.29	-831.21					0.0383051	15.7294	483	0.100347	394.905	41	441.94	0.929163	1	6	
4	7	10	4	1	511	225	[507,222,515,234]	561.8	-842.74					0.025102562798	10.4776061776	473	0.075104717992	406.914285714	74	421.290904472	0.990745082464	2	11	
4	7	11	4	1	509	237	[505,233,513,243]	561.49	-844.29					0.0358717673698	15.05	480	0.0853589598643	404.5	60	416.290282598	1.00783039513	1	1	
4	7	22	4	1	542	273	[538,269,547,278]	566.43	-849.55					0.0510711759097	25.5442307692	574	0.094766956729	474.625	65	436.947903431	1.14468847852	1	1	
4	7	24	4	1	536	274	[531,271,542,279]	565.58	-849.85					0.0297745964057	13.9642857143	550	0.0944884687822	455.035714286	72	416.798556825	1.12524381939	1	1	
4	7	25	4	1	505	322	[501,317,509,327]	560.88	-856.73					0.0395343426597	16.041958042	454	0.0761726763003	389.730769231	66	396.216428923	1.02411888466	2	3	
4	7	29	4	1	798	1229	[792,1224,805,1238]	604.21	-991.12					0.059995	45.7075	888	0.10713	716.147	110	649.683	1.17266	4	11	
4	7	29	4	2	536	2070	[533,2065,540,2074]	565.49	-1115.12					0.0262302	11.3565	498	0.0830796	421.6	46	482.787	0.896786	5	15	
4	7	37	4	1	516	336	[513,333,521,343]	562.71	-859.1					0.0366896	14.1478	445	0.0900697	371.462	64	380.04	1.01465	1	2	
4	7	37	4	2	513	366	[510,363,518,370]	562.17	-863.34					0.0251251	10.2277	470	0.0843959	396.842	43	380.04	1.07112	1	4	
4	7	39	4	1	498	314	[495,311,504,319]	560.09	-855.74					0.0360123669033	19.0293040293	600	0.0816843370391	509.380952381	39	377.209821429	1.40083907256	1	1	
4	7	40	4	1	501	319	[498,309,505,323]	560.3	-855.99					0.033801	16.0235	540	0.0821304	458.031	73	377.258	1.25658	2	2	
4	7	40	4	2	524	324	[522,322,529,328]	563.84	-857.11					0.0326904	12.2926	416	0.0670267	363.737	34	377.258	0.996743	2	4	
4	7	40	4	3	527	351	[522,348,531,354]	564.15	-860.96					0.0344871	14.4451	478	0.0833977	404.409	48	377.258	1.11026	2	7	
4	7	42	4	1	375	1898	[369,1893,381,1908]	541.63	-1089.98					0.113803827081	86.4255319149	926	0.158223889931	673	141	397.544457699	1.91029082964	11	25	
4	7	43	4	1	523	342	[518,340,525,345]	563.42	-859.75					0.0266207713052	11.1599264706	459	0.0587516960651	408.058823529	32	393.717359413	1.0647708057	1	2	
4	7	44	4	1	516	333	[511,330,523,336]	562.71	-858.37					0.0421149457268	18.6297082228	510	0.0923997341015	423.724137931	65	413.036133271	1.07098098815	1	3	
4	7	47	4	1	487	274	[484,272,489,278]	558.17	-849.82					0.0270487513085	12.9659498208	536	0.0694452142105	466.388888889	31	418.427799784	1.14560944315	1	3	
4	7	50	4	1	480	268	[476,263,485,276]	557.25	-848.88					0.0277282220263	14.1110061408	613	0.106704849654	494.793103448	73	420.836006415	1.20926941096	1	2	
4	7	62	4	1	296	2099	[289,2095,299,2105]	529.78	-1119.6					0.0426323709838	37.933901919	1012	0.0859201348969	851.857142857	67	853.779381443	1.04217912041	6	5	
4	7	11	5	1	1912	1845	[1906,1840,1918,1853]	-199.82	-1082.11					0.0909578829038	80.9135338346	1069	0.138652576698	808.657894737	133	753.97839196	1.17983676728	3	3	
4	7	12	5	1	1910	1832	[1908,1830,1916,1836]	-199.85	-1080.12					0.0256599394493	24.1699134199	1007	0.0463631865413	917.761904762	44	913.184837093	1.03147991504	2	2	
4	7	31	5	1	1851	2112	[1848,2110,1854,2117]	-208.84	-1121.59					0.032103135333	12.8272604588	432	0.055284134739	386.736842105	39	418.006835938	0.955879349839	3	2	
4	7	63	5	1	93	1955	[91,1950,95,1957]	-468.76	-1097.93					0.0292207495221	11.4498207885	448	0.0816175977466	380.388888889	31	418.972934751	0.935236329551	12	29	
4	7	14	6	1	1770	3	[1766,0,1774,10]	-1189.59	-809.84					0.0305962124692	13.7271662763	494	0.0635909265667	434.928571429	61	398.750943396	1.12515279308	2	1	
4	7	33	6	1	246	266	[242,259,250,272]	-1414.8	-848.48					0.0753652877875	75.3950617284	1188	0.124467581637	925	81	730.7580584	1.36898259312	1	3	
4	7	37	6	1	1960	1635	[1956,1632,1963,1638]	-1161.51	-1050.78					0.0279983394725	13.885620915	544	0.0603680559537	482.058823529	36	458.704878049	1.08118415168	6	5	
4	7	42	6	1	337	172	[335,170,341,178]	-1401.27	-834.85					0.0304852096191	26.0454545455	922	0.0535227361259	828.318181818	44	769.949265688	1.10963627662	1	1	
4	7	45	6	1	277	264	[274,262,280,269]	-1410.2	-848.29					0.0276953188713	22.3421052632	873	0.0534772943792	784.368421053	38	778.624599616	1.03607120391	3	8	
4	7	52	6	1	508	1371	[505,1368,514,1376]	-1375.96	-1012.03					0.0550953	50.362	1043	0.0940212	863.727	56	696.191	1.31299	7	4	
4	7	52	6	2	567	1411	[562,1402,572,1418]	-1367.36	-1017.78					0.0309449	34.1803	1251	0.0778111	1070.37	87	696.191	1.58656	7	5	
4	7	2	7	1	1107	1193	[1098,1190,1116,1198]	-1287.57	-1631.54					0.0266079006196	44.2459308807	1943	0.091070091574	1618.64102564	115	1799.6770318	0.92399187584	1	1	
4	7	8	7	1	135	2061	[131,2056,140,2065]	-1431.18	-1759.58					0.0284362388087	31.8441558442	1282	0.0818565400844	1088	77	1223.12853925	0.915557212431	3	3	
4	7	9	7	1	1014	2081	[1009,2078,1019,2086]	-1301.35	-1762.67					0.0250481840443	54.6120218579	2366	0.0535064935065	2125.66666667	61	1737.69920844	1.2546928018	3	1	
4	7	10	7	1	83	2033	[79,2031,86,2038]	-1439.05	-1755.72					0.027758967522	29.3960526316	1176	0.0663866749391	1029.57894737	40	1177.17059628	0.899593485725	1	3	
4	7	16	7	1	691	912	[687,909,695,917]	-1349.04	-1589.91					0.0264041295662	15.3782051282	656	0.0727381364194	567.038461538	60	513.849444444	1.1334383504	1	1	
4	7	20	7	1	2105	444	[2101,439,2108,447]	-1140.09	-1520.55					0.0540522	30.1894	625	0.083815	528.333	44	471.803	1.1838	2	1	
4	7	20	7	2	2109	460	[2105,458,2113,465]	-1139.35	-1523.2					0.0384792	18.3068	547	0.0891533	457.45	37	471.803	1.00838	2	2	
4	7	23	7	1	2050	462	[2046,458,2054,466]	-1148.11	-1523.33					0.0333549432739	14.9672727273	497	0.0679444754824	433.76	55	438.732654051	1.0227806583	1	1	
4	7	52	7	1	835	2102	[833,2101,837,2104]	-1327.73	-1765.79					0.0250170183799	8.64705882353	376	0.054698457223	337	17	359.413111998	0.961698522632	3	1	
4	7	53	7	1	36	492	[32,489,41,496]	-1445.85	-1527.77					0.030419937433	15.5439407956	563	0.0638350312192	495.434782609	47	425.176014592	1.20180514862	1	1	
4	7	59	7	1	29	189	[25,184,35,195]	-1446.77	-1483.09					0.0581388	63.1556	1234	0.0934223	1023.13	90	751.666	1.44517	2	2	
4	7	59	7	2	24	200	[21,190,27,209]	-1447.66	-1484.58					0.0330858	30.9481	1045	0.0721033	904.439	93	751.666	1.24442	2	5	
4	7	59	7	3	31	210	[27,207,36,213]	-1446.58	-1485.98					0.0271489	25.7129	1073	0.0760175	921.391	48	751.666	1.26001	2	6	
4	7	60	7	1	32	185	[27,180,36,190]	-1446.47	-1482.38					0.0673266	74.3032	1277	0.107392	1029.32	69	739.268	1.49286	2	3	
4	7	60	7	2	25	196	[22,194,28,198]	-1447.52	-1483.97					0.0289389	28.8	1096	0.0628394	966.4	25	739.268	1.3462	2	6	
4	7	61	7	1	29	180	[24,178,31,184]	-1447.05	-1481.73					0.0436175	42.9932	1107	0.0801604	942.696	45	664.92	1.48242	1	4	
4	7	61	7	2	20	188	[17,183,23,196]	-1448.29	-1483					0.0377181	29.8901	897	0.081002	762.571	65	664.92	1.19182	1	5	
4	7	62	7	1	16	177	[6,169,28,185]	-1448.68	-1481					0.1226	132.373	1384	0.187297	947.345	231	932.631	1.15771	1	2	
4	7	62	7	2	38	177	[34,172,42,181]	-1445.52	-1481.2					0.064253	87.8167	1533	0.0903595	1278.92	60	932.631	1.46546	1	3	
4	7	62	7	3	30	185	[26,180,34,198]	-1446.78	-1482.83					0.048923	55.138	1298	0.0954061	1071.9	113	932.631	1.20845	1	4	
4	7	62	7	4	37	192	[33,187,43,198]	-1445.7	-1483.42					0.0568867	67.49	1403	0.112652	1118.9	89	932.631	1.27209	1	5	
4	7	63	7	1	45	170	[41,168,53,174]	-1444.14	-1480.17					0.0369031	53.0014	1584	0.0676622	1383.23	56	1135.63	1.2647	1	1	
4	7	63	7	2	29	177	[20,171,43,185]	-1446.58	-1481.28					0.0985094	189.347	2668	0.212514	1732.77	224	1135.63	1.69256	1	2	
4	7	63	7	3	61	184	[57,181,64,186]	-1442.23	-1482.18					0.033049	57.6631	1954	0.0732987	1687.11	31	1135.63	1.5364	1	5	
4	7	63	7	4	60	190	[57,187,64,195]	-1442.23	-1483.12					0.0525074	89.3614	1960	0.0972647	1612.52	59	1135.63	1.49863	1	6	
4	7	63	7	5	51	195	[47,191,56,201]	-1443.67	-1483.97					0.0607177	100.344	1882	0.0960067	1552.29	81	1135.63	1.45526	1	8	
4	7	64	7	1	76	189	[72,186,79,192]	-1440.02	-1482.97					0.0361587	67.3812	2097	0.0772891	1796.11	37	1060.42	1.75731	1	4	
4	7	64	7	2	67	199	[64,196,71,206]	-1441.25	-1484.66					0.0510582	90.5881	1980	0.0808967	1683.63	61	1060.42	1.67312	1	6	
4	7	0	8	1	809	1590	[804,1585,814,1596]	-362.8	-1690.1					0.0421395744931	55.1322943095	1502	0.0903045275199	1253.19354839	89	1279.24592145	1.02273208048	5	1	
4	7	2	8	1	809	1590	[805,1585,814,1600]	-362.77	-1690.41					0.0550005647249	60.0106620382	1261	0.10031011591	1031.08108108	109	1120.379611	0.97385897816	4	3	
4	7	5	8	1	2150	1340	[2145,1334,2156,1346]	-164.56	-1653.16					0.0404618286084	77.0871010638	2136	0.0776738062767	1828.09375	94	1945.49577648	0.979277813963	8	3	
4	7	6	8	1	37	43	[35,41,39,48]	-476.99	-1461.51					0.0290066645509	22.85	921	0.0925914941574	764.9	36	534.257178527	1.47447714633	2	2	
4	7	10	8	1	862	1604	[857,1599,866,1610]	-355	-1692.18					0.0260346913726	18.707470182	792	0.0617676266137	699.851851852	59	815.136505949	0.881520232243	2	1	
4	7	25	8	1	1911	34	[1908,31,1914,37]	-200.02	-1460.01					0.0554823004361	39.0714285714	829	0.109666316091	665.142857143	42	486.967859752	1.4461206661	1	3	
4	7	29	8	1	812	293	[807,290,817,297]	-362.4	-1498.31					0.0251273604267	15.367514356	702	0.0814829699588	596.217391304	53	551.1584	1.10963546171	1	1	
4	7	30	8	1	13	1273	[11,1271,16,1275]	-480.55	-1643.15					0.0254901960784	7.42857142857	320	0.0596026490066	284	21	250.062816616	1.16542145439	1	1	
4	7	32	8	1	1440	1885	[1433,1876,1445,1893]	-269.66	-1733.47					0.0458979721672	39.1571140817	1139	0.16642453976	813.976744186	127	356.296197368	2.3944512026	3	2	
4	7	37	8	1	991	2110	[987,2107,994,2115]	-335.96	-1766.9					0.0617973681435	106.012698413	2104	0.133170049883	1609.47619048	45	1514.91748366	1.13239757768	5	12	
4	7	38	8	1	995	2110	[990,2107,998,2115]	-335.53	-1766.96					0.0518973230035	92.7515762926	2007	0.0844365011742	1694.46153846	61	1524.30352404	1.17247850351	3	11	
4	7	39	8	1	1755	1327	[1752,1324,1758,1331]	-223.06	-1651.11					0.0415401	25.9238	684	0.0669638	598.143	45	571.657	1.09168	6	11	
4	7	39	8	2	1769	1383	[1765,1378,1774,1390]	-220.87	-1659.55					0.0699505	49.7973	814	0.102909	662.097	85	571.657	1.24532	6	20	
4	7	43	8	1	757	25	[754,23,759,28]	-370.64	-1458.72					0.0250306521387	14.4266666667	642	0.066504236115	561.933333333	25	597.120252315	0.965232711109	1	1	
4	7	45	8	1	1718	1298	[1715,1294,1723,1302]	-228.44	-1646.89					0.0290874780968	22.4791666667	861	0.0686801820439	750.333333333	48	578.469370014	1.33596096883	7	5	
4	7	48	8	1	2018	1055	[2014,1050,2022,1058]	-184.15	-1610.84					0.0333789704272	21.1082251082	704	0.0705004147083	611.272727273	42	537.040475143	1.17752940728	5	6	
4	7	54	8	1	823	2139	[820,2137,827,2144]	-360.79	-1771.37					0.0423333	51.4674	1382	0.0854966	1164.3	43	1151.9	1.05545	5	4	
4	7	54	8	2	832	2147	[828,2142,836,2153]	-359.53	-1772.4					0.194638	394.093	2810	0.265579	1630.65	79	1151.9	1.75775	5	6	
4	7	55	8	1	828	2143	[825,2140,837,2149]	-359.68	-1771.95					0.106274725896	211.453413655	2695	0.204944968964	1778.23333333	83	1170.97706461	1.69916799151	6	5	
4	7	56	8	1	839	2151	[835,2146,843,2156]	-358.44	-1772.97					0.176107123765	275.284383562	2182	0.257680380878	1287.88	73	1158.52973374	1.34926565805	4	8	
4	7	57	8	1	879	2072	[874,2067,883,2078]	-352.6	-1761.43					0.132073013902	226.919047619	2161	0.183391680194	1491.21428571	90	1154.54686405	1.48814516485	17	34	
4	7	59	8	1	902	2097	[898,2092,907,2101]	-349.11	-1764.92					0.0869567910794	140.37	2021	0.156549008836	1473.88	68	1158.53628961	1.39335298728	3	5	
4	7	60	8	1	1789	1393	[1785,1389,1795,1396]	-217.92	-1660.85					0.0394029850746	35.75	1101	0.11632622885	871.541666667	48	523.141142086	1.73431526155	12	11	
4	7	61	8	1	1850	865	[1847,862,1855,871]	-208.93	-1583.1					0.0437981	19.9727	510	0.0781723	436.045	55	457.167	0.997488	7	18	
4	7	61	8	2	1940	915	[1936,913,1943,921]	-195.79	-1590.46					0.0307772	15.4915	563	0.0715135	487.85	41	457.167	1.101	7	26	
4	7	63	8	1	1392	71	[1386,67,1398,78]	-276.66	-1465.7					0.0479057144359	44.6697303922	1031	0.0746404781681	887.78125	102	955.614109647	0.975761001202	1	1	
4	7	64	8	1	1219	1981	[1218,1980,1221,1983]	-302.23	-1747.88					0.180050536177	132.795454545	1582	0.446896078656	604.75	11	563.86724379	1.30801259103	26	56	
4	7	3	9	1	80	2138	[76,2131,84,2144]	498.04	-1770.81					0.028557987521	24.3676056338	925	0.0547921774331	828.9	71	807.498256683	1.05668043067	7	3	
4	7	4	9	1	1151	658	[1146,654,1155,665]	656.32	-1552.46					0.0255599593729	16.904040404	722	0.0567571962921	644.444444444	66	619.976035743	1.06673233596	4	4	
4	7	8	9	1	19	1475	[15,1473,24,1481]	489.11	-1673.31					0.0269065246727	9.36825396825	389	0.0689610049725	338.80952381	45	298.583487369	1.16609857044	4	1	
4	7	26	9	1	30	157	[26,153,37,165]	490.91	-1478.46					0.0251737658171	22.5142314991	1006	0.0714445227011	871.838709677	85	1224.20355136	0.73055901544	4	2	
4	7	33	9	1	207	300	[204,297,210,304]	516.9	-1499.4					0.0351440011578	11.7975708502	368	0.0637456260459	323.894736842	39	454.82043615	0.738076570468	6	3	
4	7	36	9	1	2120	1330	[2113,1323,2128,1340]	799.67	-1651.91					0.271350244787	234.310354077	1235	0.32497401683	629.1875	233	310.905750799	2.77736211652	10	10	
4	7	38	9	1	23	1711	[20,1708,26,1715]	489.6	-1707.93					0.0320624054764	10.3282051282	360	0.0717475439119	311.8	39	299.072421217	1.07709097287	20	38	
4	7	40	9	1	275	312	[273,310,278,315]	526.9	-1501.11					0.0277831330463	8.42207792208	333	0.0609922621757	294.714285714	22	273.749309011	1.10735024221	1	2	
4	7	41	9	1	1850	21	[1846,18,1856,26]	759.85	-1458.25					0.0499606	14.6154	345	0.107681	277.923	65	293.252	0.997566	1	1	
4	7	41	9	2	1783	53	[1781,51,1787,56]	749.87	-1462.85					0.0301514	10.0451	379	0.0796012	323.111	32	293.252	1.13607	1	2	
4	7	48	9	1	530	18	[527,15,533,20]	564.56	-1457.6					0.0340228	21.1867	743	0.105216	601.533	25	487.34	1.27779	1	1	
4	7	48	9	2	1637	1689	[1632,1684,1642,1694]	728.15	-1704.66					0.0725634	28.2768	458	0.117881	361.407	76	350.472	1.11188	3	2	
4	7	48	9	3	449	1903	[447,1900,453,1907]	552.75	-1736.38					0.0263674	9.8366	411	0.0617107	363.222	34	329.181	1.13329	22	40	
4	7	50	9	1	1444	578	[1442,575,1447,583]	699.78	-1540.56					0.0383225806452	14.85	425	0.0656302889739	372.65	40	331.365885336	1.16940221413	22	29	
4	7	52	9	1	1529	706	[1527,703,1534,710]	712.46	-1559.36					0.03324271086	31.9516358464	1071	0.0708872750237	929.210526316	37	649.543983078	1.47974915818	18	36	
4	7	53	9	1	1849	1116	[1845,1113,1853,1122]	759.62	-1620.18					0.129308	94.4107	951	0.198704	635.714	72	483.877	1.50891	7	17	
4	7	53	9	2	1545	734	[1541,729,1551,738]	714.79	-1563.42					0.0537907	39.8293	855	0.0992397	700.621	80	658.598	1.12428	19	30	
4	7	53	9	3	1569	1773	[1564,1768,1574,1780]	718.18	-1717.21					0.0745018	25.3421	435	0.16029	314.813	97	332.075	1.02433	27	66	
4	7	54	9	1	1693	1125	[1690,1121,1698,1129]	736.63	-1621.26					0.046782316732	16.3921568627	403	0.0936227951153	334	51	317.959132107	1.10200375294	28	89	
4	7	61	9	1	344	589	[341,586,348,593]	537.13	-1542.09					0.0268037249284	19.9031914894	827	0.0673377859517	722.65	47	648.713527851	1.14465501274	6	6	
4	7	63	9	1	719	596	[716,591,723,599]	592.49	-1542.93					0.0264888394925	18.652173913	768	0.0567595459236	685.5	46	598.436209284	1.17665369005	14	33	
4	7	51	10	1	81	2146	[78,2142,85,2152]	-470.46	-2418.2					0.0343271740066	13.8115384615	462	0.0863706249435	388.538461538	60	333.176589986	1.20761785819	2	1	
4	7	55	10	1	35	2149	[31,2147,37,2153]	-477.39	-2418.64					0.0255134833031	8.95098039216	381	0.0541134347791	341.882352941	36	322.445297505	1.08803985063	2	1	
4	7	57	10	1	46	1891	[42,1889,51,1894]	-475.51	-2380.39					0.0264993026499	9.5	390	0.0554803788904	349	36	300.640415405	1.19245444601	2	1	
4	7	62	10	1	191	998	[188,994,196,1003]	-454.17	-2248.4					0.0251200731875	10.1384615385	452	0.0692384678373	393.461538462	55	351.884141108	1.14696842753	8	5	
4	8	1	1	1	877	214	[869,209,883,222]	-352.87	-195.05					0.0620809641008	190.826086957	3494	0.09581307825	2883	115	2983.95651758	1.03011758678	1	5	
4	8	39	1	1	791	1593	[787,1585,798,1601]	-365.35	-398.9					0.0371168	32.8588	983	0.0711432	852.422	121	725.77	1.21978	2	1	
4	8	39	1	2	794	1618	[790,1615,799,1624]	-365.02	-402.66					0.0292521	24.0092	917	0.0701615	796.76	52	725.77	1.13089	2	2	
4	8	40	1	1	791	1608	[784,1603,797,1614]	-365.57	-401.14					0.0735335	71.6732	1121	0.107692	903.028	107	728.242	1.33843	2	1	
4	8	40	1	2	788	1629	[786,1627,793,1635]	-365.75	-404.38					0.027857	24.4286	991	0.0751288	852.5	42	728.242	1.20417	2	2	
4	8	40	1	3	786	1634	[782,1628,792,1640]	-366.23	-404.97					0.0336576	28.3667	956	0.0799616	814.433	70	728.242	1.15731	2	3	
4	8	41	1	1	786	1642	[781,1638,792,1646]	-366.14	-406.09					0.0508500795212	42.4153225806	972	0.102222222222	791.709677419	80	727.424494821	1.14668258484	1	1	
4	8	42	1	1	787	1653	[780,1650,791,1657]	-366.34	-407.77					0.0267075448859	21.0584045584	895	0.0767415496379	767.423076923	54	726.357378223	1.08552828831	1	1	
4	8	52	1	1	2093	895	[2088,891,2099,900]	-173.03	-295.73					0.0316373733359	25.0771689498	919	0.0897879320908	767.566666667	73	787.339125856	1.00673751575	2	1	
4	8	53	1	1	2084	895	[2080,892,2090,902]	-174.25	-295.89					0.0370515246343	29.0928571429	889	0.080780669952	756.107142857	70	798.74392965	0.983043464686	1	1	
4	8	54	1	1	2078	906	[2072,900,2084,912]	-175.2	-297.32					0.0645708012284	53.7163299663	970	0.109724388976	778.181818182	108	796.947583032	1.04385553813	2	2	
4	8	55	1	1	2077	915	[2073,909,2082,920]	-175.43	-298.59					0.0355723167873	29.4337349398	907	0.0639296187683	798	83	789.086473622	1.0485970329	2	3	
4	8	42	3	1	29	61	[26,57,33,65]	490.54	-172.42					0.0267933184978	10.4304812834	442	0.0769145578382	378.863636364	51	358.716025137	1.08524317389	1	1	
4	8	51	3	1	31	38	[29,35,35,42]	490.89	-169					0.0319654427646	12.3333333333	435	0.0760667903525	373.5	30	352.822593477	1.09356186499	1	1	
4	8	0	4	1	1562	1752	[1558,1746,1568,1761]	717.2	-1068.23					0.0510355	137.182	2931	0.0693599	2550.78	116	2519.68	1.06679	1	2	
4	8	0	4	2	1587	1774	[1581,1768,1593,1780]	720.9	-1071.44					0.0567907	163.355	3384	0.110038	2713.09	115	2519.68	1.14159	1	5	
4	8	0	4	3	1070	35	[1065,32,1074,46]	644.42	-814.84					0.0397819	40.9091	1157	0.0790775	987.424	90	917.637	1.12063	2	11	
4	8	1	4	1	644	871	[638,866,650,877]	581.47	-937.94					0.0286504916224	104.121832884	3965	0.0580265926626	3530.08571429	106	3821.20143885	0.951064110419	2	17	
4	8	2	4	1	1082	38	[1079,34,1087,42]	646.21	-814.83					0.0259417	20.8327	875	0.0559807	782.227	50	819.001	0.980537	1	2	
4	8	2	4	2	722	258	[716,245,726,265]	592.73	-846.85					0.0291403	34.0938	1374	0.0948681	1135.89	134	1217.17	0.961233	2	11	
4	8	2	4	3	2125	394	[2120,390,2129,399]	800.35	-867.39					0.0272578	22.409	938	0.0795857	799.704	71	750.251	1.09578	3	13	
4	8	4	4	1	723	254	[715,250,728,259]	592.85	-846.79					0.0374509986253	45.092185008	1413	0.098781723496	1158.93939394	95	1113.41683103	1.08138438848	2	5	
4	8	7	4	1	705	868	[700,858,712,875]	590.52	-937.35					0.0261245410037	50.5925925926	2320	0.103185924869	1886	135	2362.71794872	0.819646117152	3	3	
4	8	10	4	1	799	253	[794,248,804,260]	604.31	-846.62					0.0261187409063	23.7419354839	989	0.0553509345634	885.258064516	85	848.690308609	1.0710620715	2	1	
4	8	12	4	1	1088	1377	[1083,1372,1092,1383]	647.03	-1012.84					0.137929559376	318.887078439	3047	0.209110439102	1993.06896552	91	1515.22593708	1.52581604325	3	7	
4	8	20	4	1	1591	1702	[1589,1698,1595,1712]	721.56	-1061.16					0.0304545	45.099	1687	0.0804522	1435.77	67	1454.49	1.01813	1	2	
4	8	20	4	2	1646	1718	[1641,1714,1653,1725]	729.7	-1063.34					0.0256757	28.2432	1233	0.0699611	1071.76	90	1454.49	0.756277	1	3	
4	8	21	4	1	1598	1696	[1595,1691,1602,1703]	722.4	-1059.99					0.0299657496909	43.0672364672	1632	0.0785988789073	1394.14814815	65	1377.02823465	1.04370799992	1	3	
4	8	24	4	1	1662	1714	[1659,1712,1664,1718]	731.89	-1062.64					0.0289864702545	30.0052910053	1112	0.0504723346829	1005.14285714	27	1320.90612245	0.78366519055	1	2	
4	8	52	4	1	1369	1207	[1365,1205,1374,1211]	688.62	-987.7					0.0291314	42.9038	1724	0.0932622	1429.86	43	1196.65	1.23074	11	2	
4	8	52	4	2	1359	1237	[1354,1232,1364,1244]	687.19	-992.13					0.121176	200.785	2114	0.184252	1456.19	109	1196.65	1.38468	11	4	
4	8	52	4	3	1409	1281	[1404,1277,1413,1287]	694.46	-998.64					0.079446	138.78	1978	0.103157	1608.07	81	1196.65	1.45979	11	5	
4	8	53	4	1	1374	1210	[1371,1208,1380,1214]	689.52	-988.15					0.0411147	65.7978	1893	0.104579	1534.55	46	1190.57	1.34419	11	3	
4	8	53	4	2	1379	1216	[1372,1213,1382,1221]	689.88	-989.08					0.0439626	72.0161	1889	0.0934538	1566.11	73	1190.57	1.37592	11	4	
4	8	60	4	1	11	515	[7,507,16,520]	487.95	-885.16					0.0290809	14.003	535	0.0673165	467.514	87	415.595	1.15862	1	1	
4	8	60	4	2	492	945	[488,942,497,951]	559.16	-948.97					0.0267174	11.9591	504	0.0727355	435.654	62	589.899	0.758796	4	4	
4	8	2	5	1	1634	680	[1629,675,1641,686]	-240.67	-909.65					0.0578585	36.9682	771	0.12311	601.973	102	505.409	1.26421	1	2	
4	8	2	5	2	1639	700	[1635,697,1643,705]	-240.24	-912.79					0.0267401	13.2219	545	0.0621317	481.238	50	505.409	0.978337	1	4	
4	8	2	5	3	1646	708	[1643,705,1653,713]	-238.9	-913.9					0.0308331	15.6338	569	0.073166	491.414	63	505.409	1.00324	1	5	
4	8	26	5	1	441	53	[437,50,449,58]	-417.08	-817.07					0.0271804412152	15.0547667343	626	0.0748371817644	538.827586207	68	527.888489209	1.049241202	1	2	
4	8	35	5	1	1054	5	[1050,0,1058,9]	-326.62	-809.76					0.0334727089264	28.5247252747	928	0.0595700766309	823.653846154	56	818.621221468	1.04099252387	1	1	
4	8	37	5	1	1040	28	[1036,24,1044,31]	-328.71	-813.17					0.0273106728543	25.490530303	998	0.0472942354933	907.863636364	48	858.65810419699994	1.08699162345	1	3	
4	8	52	5	1	1946	1669	[1945,1668,1947,1672]	-194.81	-1055.99					0.037447320891	22.2142857143	862	0.203070481507	571	14	588.908560311	1.00731136494	2	1	
4	8	53	5	1	1041	37	[1038,35,1045,40]	-328.58	-814.67					0.0310046240255	23.2118055556	847	0.0773035613341	725.444444444	32	772.271641791	0.969420874064	1	1	
4	8	54	5	1	1077	14	[1072,10,1082,20]	-323.31	-811.28					0.0315262927531	21.0083333333	746	0.0723269686879	645.366666667	64	755.028770155	0.882582262214	1	1	
4	8	59	5	1	1546	853	[1544,850,1552,862]	-253.74	-935.71					0.0295635	22.3128	892	0.0982323	732.429	58	612.446	1.23234	5	5	
4	8	59	5	2	1563	912	[1556,908,1567,920]	-251.59	-944.25					0.0617927	54.4955	1033	0.110507	827.412	97	612.446	1.43997	5	6	
4	8	60	5	1	1539	847	[1535,845,1541,850]	-255.15	-934.44					0.0256469	20.0961	852	0.054801	763.471	30	610.933	1.28257	4	4	
4	8	60	5	2	1546	903	[1542,900,1551,909]	-253.78	-942.85					0.0396093	33.5981	1030	0.116749	814.64	63	610.933	1.38843	4	5	
4	8	51	9	1	45	7	[41,3,49,14]	492.95	-1456.25					0.0271198648162	13.5972222222	565	0.0733509234828	487.777777778	64	614.077205882	0.816468996402	1	1	
4	8	57	9	1	149	2	[147,0,154,6]	508.4	-1455.37					0.0324102	26.299	927	0.0828536	785.143	43	647.247	1.25368	1	1	
4	8	57	9	2	151	9	[147,5,155,14]	508.57	-1456.33					0.0390596	30.1684	920	0.106967	742.2	57	647.247	1.19331	1	2	
