Database Name	ODA
Database Link	http://localhost/ODA/OdaService.asmx
Evaluation Signature	a606c11f-f62a-4f35-b620-9c1a9ae16274
Plate Name	220602 ar jfx646 pcna mscarlet PACE MvR
Measurement	Measurement 1
Evaluation	Evaluation22
Population	Population - coloc AR

[Data]
Row	Column	Timepoint	Field	Object No	X	Y	Bounding Box	Position X [µm]	Position Y [µm]	Compound	Concentration	Cell Type	Cell Count	coloc AR - Relative Spot  Intensity	coloc AR - Corrected Spot  Intensity	coloc AR - Uncorrected Spot  Peak Intensity	coloc AR - Spot Contrast	coloc AR - Spot Background Intensity	coloc AR - Spot Area [px²]	coloc AR - Region Intensity	coloc AR - Spot To Region Intensity	coloc AR - Object No in Clustered Nuclei w/o Border Selected	coloc AR - Object No in Spots AR	
4	5	5	6	1	1522	365	[1520,363,1525,373]	-1226.16	-863.5					0.0306901042625	20.6077075099	758	0.0760399950623	650.869565217	44	658.538362785	1.01964792133	1	3	
4	5	46	1	1	128	416	[126,413,133,421]	-463.35	-224.89					0.026723525231	8.73403019744	351	0.0491779944488	318.095238095	41	270.347731466	1.20892180793	2	6	
4	5	58	1	1	576	1381	[573,1379,580,1385]	-397.31	-367.55					0.0251130929301	9.81313131313	418	0.0463806411237	380.944444444	33	333.073360023	1.17318771976	12	24	
4	5	48	3	1	249	467	[246,463,253,470]	523.09	-232.34					0.0390836427717	14.1136363636	408	0.0807947019868	347	44	327.241666667	1.10350750881	4	2	
4	5	45	2	1	1658	1089	[1654,1085,1661,1094]	-1206.18	-324.4					0.0259125028844	8.31204644412	364	0.0761883102115	312.461538462	53	286.595016649	1.1192573711	4	8	
4	5	11	6	1	1527	322	[1524,316,1531,327]	-1225.51	-856.75					0.034729270607	22.2478431373	739	0.0888784110332	618.36	51	601.820160116	1.06445062095	2	4	
4	5	62	8	1	223	245	[218,241,228,251]	-449.44	-1491.25					0.0379008746356	13.9285714286	418	0.0835030549898	353.571428571	68	289.883481369	1.26775074683	2	1	
4	5	61	1	1	253	483	[251,481,257,489]	-444.95	-235.01					0.0351706434191	13.2181571816	429	0.0838655344235	362.611111111	41	307.859915596	1.22078013165	4	4	
4	5	56	8	1	1146	2034	[1143,2030,1151,2040]	-312.97	-1755.7					0.0437318190043	16.6243386243	444	0.0996651836903	363.518518519	63	354.618591615	1.07197667052	11	7	
4	5	51	7	1	351	1144	[348,1141,354,1148]	-1399.32	-1624.11					0.0251333041031	9.50267379679	402	0.043358778626	368.588235294	33	350.122531593	1.07988168419	5	6	
4	5	40	2	1	1497	413	[1494,408,1500,415]	-1229.97	-224.2					0.0265981241246	11.2291021672	489	0.0867302181414	410.947368421	34	377.914214438	1.11712249621	3	14	
4	5	54	1	1	205	337	[201,334,209,343]	-452.13	-213.4					0.0581840148997	19.8025956284	391	0.0990220764771	320.541666667	61	272.460689775	1.2491499694	3	5	
4	5	60	2	1	1470	39	[1465,38,1471,43]	-1234.25	-169.3					0.0282575	11.3583	473	0.0954145	390.6	24	309.967	1.29678	1	1	
4	5	60	2	2	1471	43	[1466,40,1473,46]	-1233.91	-169.74					0.0303732	12.1116	471	0.0983539	386.647	29	309.967	1.28646	1	2	
4	5	60	2	3	1459	54	[1455,49,1464,60]	-1235.44	-171.36					0.0782566	29.3926	467	0.148549	346.2	81	309.967	1.21172	1	3	
4	5	60	2	4	1472	71	[1470,68,1478,75]	-1233.46	-173.98					0.0615908	25.6089	499	0.12238	390.182	43	309.967	1.3414	1	4	
4	5	59	2	1	767	846	[763,840,772,852]	-1337.72	-288.38					0.0691466	22.0435	381	0.124308	296.75	92	269.046	1.1849	8	27	
4	5	59	2	2	50	1407	[45,1402,55,1413]	-1443.82	-371.31					0.142172	73.1519	683	0.214893	441.379	96	294.969	1.74436	12	36	
4	5	62	2	1	245	51	[242,49,249,59]	-1414.85	-171.28					0.0274828	16.0737	641	0.0596866	568.792	52	522.619	1.1191	1	1	
4	5	62	2	2	249	175	[246,171,253,181]	-1414.35	-189.33					0.0343644	18.9837	619	0.0742425	533.44	59	522.619	1.05703	1	9	
4	5	64	2	1	196	1194	[193,1190,199,1197]	-1422.26	-339.77					0.029764716999	8.28947368421	314	0.074954954955	270.210526316	40	289.821190327	0.960937327203	14	33	
4	5	56	6	1	1413	119	[1408,114,1419,124]	-1242.3	-826.82					0.122513819329	62.5446969697	700	0.219547605912	447.966666667	88	334.400287143	1.5266475038	2	1	
4	5	51	6	1	553	1440	[549,1435,558,1444]	-1369.42	-1021.99					0.0458545595017	19.6609730849	485	0.0848811663671	409.107142857	69	352.142909981	1.21759690111	7	6	
4	5	59	8	1	1945	271	[1939,267,1949,277]	-195.03	-1495.15					0.0426906022992	12.7212851406	330	0.072705601907	285.266666667	83	281.830500509	1.05733038571	3	2	
4	5	63	7	1	483	1077	[477,1073,489,1083]	-1379.68	-1614.26					0.0541086467423	22.4036191975	492	0.113569160004	391.64516129	82	338.967118428	1.22150131378	7	4	
4	5	51	9	1	136	98	[132,94,146,102]	506.69	-1469.44					0.0563246765375	37.7848699764	800	0.116495444854	633.055555556	94	300.208950942	2.23457836093	2	2	
4	5	49	1	1	1050	849	[1046,845,1054,855]	-327.19	-289.06					0.0259651939307	9.58929490479	405	0.0592054831582	359.724137931	67	334.839250213	1.10295741195	5	13	
4	5	56	2	1	1389	229	[1386,227,1392,232]	-1245.86	-197.29					0.0303662	11.2575	404	0.0583304	359.467	29	349.009	1.06222	1	4	
4	5	56	2	2	1382	244	[1378,239,1386,253]	-1246.88	-199.7					0.0520698	19.089	430	0.106088	347.515	96	349.009	1.05042	1	6	
4	5	56	2	3	265	225	[263,221,267,228]	-1412.03	-196.63					0.0362973	23.4118	719	0.0726634	621.588	29	545.022	1.18344	3	20	
4	5	0	8	1	966	1903	[961,1900,970,1909]	-339.7	-1736.54					0.034498359914	17.4739583333	559	0.0667514809367	489.041666667	64	488.002824859	1.03793584627	1	1	
4	5	46	2	1	1512	378	[1507,376,1517,382]	-1227.66	-219.4					0.0319553	13.1129	451	0.0633783	397.24	51	378.452	1.08429	5	21	
4	5	46	2	2	1944	1952	[1942,1951,1947,1954]	-1163.78	-452					0.0448541	22.0714	912	0.319826	470	14	385.728	1.27569	10	32	
4	5	50	7	1	1171	477	[1167,474,1174,482]	-1278.17	-1525.61					0.0295815295815	11.7142857143	439	0.0664584417838	384.285714286	49	358.788408891	1.1037145855	3	4	
4	5	36	3	1	484	1262	[483,1261,485,1264]	557.78	-349.91					0.0325771564231	12.35	437	0.0874027993779	366.75	10	343.357103219	1.1040983176	4	2	
4	5	42	2	1	1622	2072	[1621,2071,1625,2075]	-1211.28	-469.7					0.0269759	9.5	380	0.0516605	342.667	18	335.991	1.04814	8	27	
4	5	42	2	2	1623	2104	[1619,2102,1625,2107]	-1211.43	-474.48					0.0263823	9.43704	389	0.0552491	348.267	27	335.991	1.06462	8	28	
4	5	62	1	1	395	1690	[393,1687,397,1692]	-424.07	-413.07					0.0261710932794	6.44497607656	281	0.0790713911677	239.818181818	19	237.018976381	1.03900186245	13	16	
4	5	33	2	1	1425	122	[1420,116,1430,128]	-1240.61	-181.33					0.127009	54.0285	550	0.193883	371.364	102	318.017	1.33764	1	3	
4	5	33	2	2	765	265	[761,261,769,269]	-1338.12	-202.56					0.0417725	13.3396	353	0.0713202	306	53	290.045	1.101	3	10	
4	5	38	1	1	1541	236	[1536,232,1544,239]	-254.82	-198.24					0.0263803680982	11.497826087	477	0.0584123814279	424.35	46	410.751621326	1.06109824882	1	1	
4	5	52	9	1	104	185	[98,182,108,192]	501.48	-1482.59					0.0330110484116	20.9329819277	770	0.113370385432	613.1875	83	304.869802245	2.07997144112	1	3	
4	5	63	3	1	384	2015	[379,2010,387,2020]	542.97	-461.26					0.0251000661649	8.42087912088	369	0.060236018471	327.071428571	65	302.187653033	1.11021183138	10	10	
4	5	33	7	1	1825	345	[1824,343,1827,347]	-1181.33	-1506					0.0651460845009	19.474025974	392	0.167614405632	279.454545455	14	267.678238866	1.11674588377	2	1	
4	5	49	2	1	1138	149	[1135,147,1144,152]	-1282.8	-185.45					0.0307794431052	11.2948717949	418	0.0805687203791	355.666666667	52	296.019641701	1.23965266748	2	6	
4	5	48	2	1	1552	461	[1548,455,1556,465]	-1221.78	-231.32					0.0726143	33.0087	518	0.102636	421.567	73	382.892	1.18721	5	19	
4	5	48	2	2	2075	1938	[2072,1935,2079,1943]	-1144.5	-449.88					0.0572477	28.4452	573	0.100405	468.435	50	403.208	1.23232	9	28	
4	5	63	6	1	1398	137	[1395,133,1402,144]	-1244.49	-829.64					0.0973131	52.7036	680	0.163502	488.885	68	321.122	1.68655	3	2	
4	5	63	6	2	1406	137	[1403,134,1410,144]	-1243.36	-829.67					0.076448	39.5058	615	0.126105	477.261	60	321.122	1.60925	3	3	
4	5	53	8	1	134	1115	[133,1114,137,1117]	-462.59	-1619.87					0.0475627	14.3571	429	0.197488	287.5	14	267.285	1.12935	7	6	
4	5	53	8	2	662	1434	[660,1433,664,1436]	-384.6	-1667.02					0.0276988	8.23932	329	0.0643422	289.222	13	313.917	0.94758	9	7	
4	5	53	6	1	354	1407	[351,1404,360,1414]	-1398.7	-1017.31					0.0331697399772	11.0887445887	387	0.0898119279895	323.214285714	66	348.098496616	0.960369072412	6	5	
4	5	51	10	1	1995	1538	[1992,1533,1999,1543]	-187.59	-2328.2					0.0254076618689	8.32336182336	351	0.0473403339645	319.269230769	54	300.9942839	1.08836815221	2	3	
4	5	32	2	1	537	383	[533,381,541,388]	-1371.77	-220.16					0.0358796889413	23.6839323467	742	0.0766034624897	636.409090909	43	605.407404436	1.09032862568	3	5	
4	5	41	2	1	1016	1398	[1013,1395,1020,1402]	-1301.01	-370.07					0.0378243971282	12.6954887218	371	0.0692453545696	322.947368421	42	310.599256341	1.08062994451	5	22	
4	5	47	4	1	1665	344	[1659,342,1669,347]	732.2	-860.07					0.0250707232869	6.99347826087	320	0.0811604847595	271.956521739	40	273.528385198	1.01982103173	1	1	
4	5	47	1	1	954	775	[951,771,957,780]	-341.48	-277.89					0.0480415838557	18.4847058824	435	0.0857627795527	366.28	51	337.694438888	1.1393871547	6	8	
4	5	50	2	1	2046	1923	[2042,1920,2050,1929]	-1148.74	-447.81					0.0442926442926	22.37	581	0.0924338146811	482.68	60	411.770753323	1.22653198636	11	26	
4	5	20	6	1	509	1384	[504,1378,517,1390]	-1375.68	-1013.75					0.154945691855	113.104395604	974	0.224497126437	616.857142857	130	541.698160498	1.34754295232	2	2	
4	5	9	6	1	1046	842	[1043,840,1050,847]	-1296.48	-933.71					0.034212310065	19.2987616099	629	0.0717424446238	544.789473684	34	606.387481371	0.930243866543	2	2	
4	5	43	2	1	1628	2111	[1625,2106,1631,2114]	-1210.65	-475.26					0.0311802085261	11.7534883721	423	0.0733316417153	365.2	43	339.18993048	1.11133454887	9	17	
4	5	58	8	1	1138	2058	[1135,2054,1142,2063]	-314.26	-1759.25					0.0468184169684	19.4923076923	486	0.100984577851	396.846153846	65	350.64039149	1.18736594997	11	9	
4	5	3	8	1	867	1839	[863,1834,871,1844]	-354.24	-1726.92					0.0342888987806	12.1377171216	427	0.110755377689	341.846153846	62	408.101729769	0.867391253568	2	2	
4	5	55	6	1	108	1115	[105,1113,111,1119]	-1435.2	-974.02					0.0252196875555	9.47083333333	404	0.0492654816979	366.0625	30	333.905177112	1.12467059236	8	10	
4	5	39	2	1	1393	131	[1389,128,1397,136]	-1245.27	-182.76					0.0327012	11.6045	405	0.0825102	343.261	52	318.403	1.11452	1	3	
4	5	39	2	2	1500	382	[1495,378,1505,388]	-1229.38	-219.8					0.0565468	23.3451	484	0.108185	389.5	71	381.566	1.08198	2	15	
4	5	39	2	3	604	386	[601,382,608,395]	-1361.88	-220.66					0.0387893	26.7	764	0.0718043	661.633	72	615.17	1.11893	3	17	
4	5	10	6	1	1546	409	[1541,405,1552,414]	-1222.63	-869.68					0.0301262690496	22.3424908425	810	0.0593180756656	719.285714286	78	608.035064554	1.21971288888	2	3	
4	5	59	6	1	596	1121	[593,1118,601,1125]	-1363.01	-974.9					0.0268244155475	8.77906976744	359	0.059778597786	318.5	43	325.526628732	1.00538340302	10	8	
4	5	52	2	1	1376	245	[1373,243,1382,248]	-1247.55	-199.62					0.0324974924774	12.4615384615	437	0.0816831683168	371	39	368.607574623	1.04029750027	5	17	
4	5	22	6	1	497	1396	[492,1391,502,1403]	-1377.84	-1015.7					0.106957074599	69.39375	847	0.187599956184	579.40625	95	527.635558916	1.22963661004	3	4	
4	5	54	8	1	1130	2052	[1128,2049,1133,2055]	-315.43	-1758.37					0.0331084	12.732	429	0.0713971	371.824	27	359.917	1.06846	12	7	
4	5	54	8	2	1130	2057	[1128,2055,1134,2062]	-315.26	-1759.18					0.0346794	13.6892	449	0.0818656	381.048	38	359.917	1.09674	12	8	
4	5	34	2	1	1426	143	[1424,140,1431,148]	-1240.19	-184.57					0.0379762390838	13.627311522	428	0.107072357226	345.210526316	37	317.047102677	1.13181238626	1	5	
4	6	34	2	1	143	891	[140,887,148,894]	-1429.95	-295.02					0.0261295893922	20.3913043478	860	0.0617283950617	760	46	617.907887479	1.2629573439	3	5	
4	6	43	4	1	1760	1091	[1754,1088,1764,1096]	746.25	-970.53					0.0444485082994	18.8730043541	489	0.0930662425311	405.730769231	53	432.707685407	0.981271624944	2	2	
4	6	13	4	1	948	81	[945,77,952,84]	626.44	-821.11					0.0340926796793	18.6218568665	600	0.0642157455557	527.590909091	47	583.625956929	0.935895258722	1	1	
4	6	49	5	1	1403	1200	[1399,1196,1408,1207]	-275.09	-986.67					0.0336409	25.0635	841	0.0775382	719.966	69	692.059	1.07654	3	2	
4	6	49	5	2	1409	1202	[1405,1196,1412,1209]	-274.25	-986.95					0.0265644	18.6729	775	0.0621827	684.259	59	692.059	1.01571	3	3	
4	6	49	5	3	1062	1589	[1055,1582,1068,1594]	-325.44	-1044					0.0415459	25.0231	709	0.102406	577.278	113	638.876	0.942751	6	6	
4	6	14	3	1	1436	880	[1429,876,1443,885]	698.52	-293.51					0.0307446285284	23.2626472626	907	0.105842422645	733.378378378	78	842.995366693	0.897562496232	1	1	
4	6	46	3	1	1797	2018	[1795,2016,1803,2021]	752.03	-461.73					0.0269686027882	8.72910216718	357	0.0625832223702	314.947368421	34	304.317167337	1.06361554762	6	10	
4	6	50	8	1	1838	987	[1836,985,1841,990]	-210.73	-1600.92					0.0258005538199	12.5301724138	522	0.0491144328602	473.125	29	449.240038285	1.08105941373	5	8	
4	6	12	3	1	1932	1405	[1929,1403,1935,1409]	771.86	-371.18					0.029257	18.351	712	0.0780672	608.882	30	657.529	0.953925	4	25	
4	6	12	3	2	1932	1422	[1930,1420,1935,1426]	771.9	-373.62					0.0254454	15.8686	697	0.0683919	607.765	30	657.529	0.94845	4	27	
4	6	31	7	1	1881	1663	[1878,1661,1885,1669]	-1173	-1700.94					0.0291997039856	20.9242424242	805	0.0728565082186	695.666666667	44	695.414574562	1.03045138153	2	1	
4	6	22	5	1	1631	1068	[1624,1065,1637,1073]	-241.35	-967.12					0.0265027	13.514	587	0.0836317	496.394	76	581.943	0.876217	3	3	
4	6	22	5	2	1203	1507	[1199,1502,1207,1514]	-304.56	-1031.98					0.0280457	13.5693	570	0.0958807	470.259	70	484.598	0.998413	4	8	
4	6	64	9	1	908	68	[906,65,910,72]	620.4	-1465.06					0.0280739010406	12.9607843137	512	0.0658829292187	448.705882353	30	435.236150298	1.06072684071	1	1	
4	6	26	6	1	995	1450	[988,1446,998,1459]	-1304.51	-1023.71					0.0263135799567	19.7454637097	856	0.0790062212825	730.64516129	64	760.136685866	0.987178541639	3	4	
4	6	53	7	1	1116	1980	[1110,1974,1125,1987]	-1285.96	-1747.71					0.213952890143	153.077312847	934	0.248333714366	562.394736842	161	489.491790701	1.46166302128	8	14	
4	6	60	5	1	1480	288	[1478,285,1484,291]	-263.62	-851.73					0.0252142190549	10.2482758621	435	0.0466794995188	396.2	29	390.87042228	1.03985426549	3	4	
4	6	2	3	1	1416	963	[1403,958,1423,968]	695.23	-305.68					0.0325625	31.7063	1150	0.0994264	942	143	925.353	1.05225	1	20	
4	6	2	3	2	1458	988	[1449,985,1467,993]	701.79	-309.55					0.0353137	34.8936	1083	0.0637407	953.211	96	925.353	1.06781	1	25	
4	6	49	1	1	1610	89	[1601,85,1615,94]	-244.76	-176.65					0.0260873	15.1211	672	0.0869264	564.514	96	615.278	0.94207	1	1	
4	6	49	1	2	1626	92	[1622,89,1631,96]	-242.08	-176.97					0.0301379	16.5611	640	0.0912656	532.95	45	615.278	0.89311	1	2	
4	6	49	1	3	1307	1675	[1303,1672,1310,1681]	-289.26	-411.2					0.0266631	14.3542	598	0.0659537	524	48	541.989	0.993293	8	7	
4	6	27	6	1	84	448	[80,445,90,452]	-1438.63	-875.45					0.0310708702449	19.875	706	0.0650240422389	619.791666667	60	581.800053605	1.0994613402	1	1	
4	6	30	9	1	1560	1237	[1555,1234,1563,1241]	716.74	-1637.79					0.0254093183695	11.8863636364	527	0.0723270440252	455.909090909	44	505.280761933	0.925812913906	2	2	
4	6	0	3	1	1454	984	[1451,981,1457,989]	701.12	-308.89					0.0282353	28.8168	1098	0.0508294	991.778	37	945.103	1.07988	2	24	
4	6	0	3	2	1381	1879	[1376,1875,1385,1883]	690.4	-441.14					0.0308088	20.6706	735	0.0611732	650.259	57	739.746	0.906973	3	32	
4	6	16	3	1	1407	875	[1403,871,1411,881]	694.3	-292.8					0.0366839	31.9894	943	0.0577441	840.04	68	822.088	1.06075	1	4	
4	6	16	3	2	1389	896	[1385,888,1392,899]	691.63	-295.48					0.0290495	27.7335	1068	0.0706966	926.963	56	822.088	1.16131	1	5	
4	6	2	4	1	2084	1254	[2077,1252,2086,1259]	794.08	-994.64					0.0290793806585	20.1526570048	807	0.0906366601052	672.869565217	45	738.578215352	0.938319338179	1	6	
4	6	17	6	1	85	506	[81,504,87,511]	-1438.77	-884.17					0.0250526152007	15.7086007702	688	0.0590189168388	611.315789474	41	561.853330977	1.11599301041	1	2	
4	6	40	6	1	845	1653	[842,1649,852,1657]	-1326.11	-1053.43					0.0253846153846	16.3428571429	712	0.0631096954012	627.466666667	63	661.878484464	0.972700486451	7	10	
4	6	30	3	1	1355	900	[1349,895,1361,904]	686.6	-296.48					0.0436455910083	29.2801143324	766	0.0883923455941	641.580645161	79	723.415886492	0.927351433692	1	2	
4	6	18	7	1	2070	313	[2067,311,2075,317]	-1145	-1501.31					0.0264084507042	15	635	0.0690235690236	553	34	563.045465901	1.00879952757	1	1	
4	6	14	5	1	1200	1908	[1198,1906,1204,1916]	-304.9	-1091.44					0.0271324274075	11.5064102564	471	0.0661210986811	412.576923077	48	405.824339517	1.04499235763	5	5	
4	6	25	6	1	88	464	[86,462,91,466]	-1438.12	-877.76					0.0257339615803	17.75	734	0.0440967283073	672	24	580.375033295	1.18845567164	1	1	
4	6	58	6	1	1854	324	[1853,323,1856,326]	-1177.1	-857.14					0.22572	168.5	2029	0.556578	578	12	455.154	1.6401	3	2	
4	6	58	6	2	1729	1875	[1727,1872,1732,1879]	-1195.57	-1086.44					0.0260341	12.8571	539	0.0568627	481	28	479.049	1.03091	14	11	
4	6	58	5	1	491	74	[487,66,495,79]	-409.84	-819.99					0.029501	13.5156	543	0.0996076	444.625	64	516.425	0.88714	1	2	
4	6	58	5	2	1567	1207	[1564,1205,1571,1212]	-250.78	-987.8					0.0276339	14.5746	574	0.0562712	512.842	36	464.329	1.13587	7	8	
4	6	19	3	1	1439	906	[1432,900,1443,911]	698.88	-297.18					0.0305959	23.5154	871	0.0779258	745.067	67	809.919	0.948961	1	2	
4	6	19	3	2	1982	1465	[1978,1462,1986,1470]	779.27	-380.09					0.0315151	19.4033	718	0.0926134	596.28	60	615.679	1.00001	3	16	
4	6	19	3	3	1999	1495	[1996,1493,2004,1498]	781.84	-384.39					0.028318	17.7805	686	0.058556	610.105	35	615.679	1.01983	3	18	
4	6	43	7	1	1798	1307	[1794,1303,1802,1313]	-1185.4	-1648.27					0.034233462797	17.2215384615	562	0.0726828523439	485.84	65	482.697096325	1.04218886397	2	1	
4	6	62	7	1	651	96	[647,91,656,102]	-1354.89	-1469.27					0.08475256078	43.0901960784	613	0.136939721793	465.333333333	85	582.532585606	0.872781269193	1	4	
4	6	45	5	1	612	425	[609,421,615,428]	-391.97	-871.92					0.0291740338469	12.8333333333	483	0.0614736585068	427.055555556	36	433.725106556	1.01421126479	1	1	
4	6	5	3	1	1463	881	[1460,876,1470,890]	702.79	-293.94					0.0417878	41.2622	1115	0.0819144	946.161	85	848.192	1.16415	1	4	
4	6	5	3	2	1351	884	[1347,881,1356,893]	686.09	-294.39					0.0337317	32.4169	1209	0.131172	928.606	87	848.192	1.13303	1	5	
4	6	5	3	3	1917	1454	[1914,1450,1921,1459]	769.72	-378.36					0.035634	22.8498	723	0.0779906	618.385	64	749.312	0.855764	3	34	
4	6	5	3	4	1776	1490	[1772,1487,1781,1494]	748.91	-383.63					0.0330252	26.0588	876	0.0689445	763	51	749.312	1.05304	3	38	
4	6	27	2	1	93	952	[90,948,97,958]	-1437.4	-304.21					0.0276489993402	20.9533333333	844	0.0677597287587	736.88	54	579.494554366	1.30774884358	2	5	
4	6	2	8	1	1596	692	[1592,689,1602,698]	-246.42	-1557.45					0.0324038	20.9815	715	0.0659562	626.519	70	557.209	1.16204	1	2	
4	6	2	8	2	413	1076	[407,1072,419,1082]	-421.35	-1614.09					0.0571052	41.0896	893	0.136529	678.452	85	839.846	0.856754	2	9	
4	6	3	1	1	1146	1193	[1143,1190,1151,1198]	-312.96	-339.86					0.0315703	26.5477	922	0.0619918	814.36	65	761.127	1.10482	1	7	
4	6	3	1	2	2042	1901	[2040,1899,2046,1908]	-180.54	-444.65					0.0267373	11.6842	485	0.0655643	425.316	36	481.189	0.908168	2	16	
4	6	45	2	1	1419	175	[1417,167,1422,181]	-1241.42	-189.21					0.025545	17.3116	750	0.0635437	660.379	55	665.806	1.01785	1	4	
4	6	45	2	2	347	283	[344,281,351,289]	-1399.84	-205.49					0.0269927	11.7835	493	0.0743527	424.762	44	546.836	0.798312	4	5	
4	6	17	4	1	1910	1102	[1906,1098,1915,1105]	768.68	-972.02					0.0311345269925	18.8431818182	676	0.0709971284286	586.375	55	555.422890975	1.0896529323	1	1	
4	6	63	1	1	1355	359	[1350,353,1360,363]	-282.24	-216.33					0.0272336796892	13.6873015873	555	0.0633202414024	488.9	63	451.918338664	1.11211973179	2	1	
4	6	4	5	1	84	215	[81,211,89,220]	-469.93	-840.95					0.0361719859048	46.3221288515	1453	0.0813885492531	1234.28571429	51	1216.27230088	1.05289567329	1	12	
4	6	0	5	1	1098	1423	[1097,1422,1100,1426]	-320.1	-1019.63					0.106855791962	90.4	1603	0.359280929365	755.6	15	782.106730438	1.0816937984	3	33	
4	6	53	9	1	1714	943	[1708,939,1720,947]	739.61	-1594.38					0.025747173307	12.9665178571	567	0.0721955831701	490.642857143	64	513.160134591	0.981388344599	5	7	
4	6	1	3	1	1398	973	[1395,970,1405,979]	693.22	-307.29					0.0373526	41.0338	1331	0.114498	1057.52	65	944.92	1.16259	1	22	
4	6	1	3	2	1382	1879	[1377,1875,1387,1887]	690.45	-441.38					0.0346776	23.8003	754	0.0645737	662.529	91	704.134	0.974715	2	34	
4	6	60	3	1	639	1625	[636,1619,651,1629]	581.47	-403.59					0.0283134538009	21.3159073936	890	0.0977229601518	731.538461538	103	645.041221523	1.16714148462	9	9	
4	6	64	5	1	1026	467	[1022,465,1030,470]	-330.82	-878.26					0.0254799293158	14.439544808	615	0.0537469564433	552.263157895	37	547.299203319	1.03545318405	6	5	
4	6	46	4	1	118	582	[111,578,125,592]	503.64	-895.53					0.0636764092094	47.8377118644	874	0.108135093586	703.425	118	683.037738567	1.0998846322	2	7	
4	6	45	6	1	1679	1850	[1675,1847,1684,1855]	-1202.97	-1082.8					0.0297370200542	13.2412087912	519	0.0914416613467	432.035714286	65	468.347932972	0.950739592788	9	13	
4	6	38	6	1	1134	84	[1129,81,1137,89]	-1283.64	-821.72					0.0277005	18.1222	698	0.0464021	636.095	46	645.455	1.01357	1	2	
4	6	38	6	2	997	1508	[991,1504,1003,1514]	-1303.87	-1032.19					0.0263201	17.2115	744	0.0776996	636.719	86	696.395	0.939022	4	8	
4	6	18	4	1	1443	2066	[1438,2060,1447,2071]	699.53	-1114.53					0.0402794038541	17.4138166895	497	0.0900177390743	414.911764706	86	442.719822275	0.976521853423	1	2	
4	6	37	3	1	1348	917	[1342,912,1354,923]	685.45	-298.99					0.0351991016671	23.9705882353	749	0.0654115678276	657.029411765	96	697.063502825	0.976955467099	2	2	
4	6	44	4	1	1790	1070	[1786,1065,1795,1076]	750.92	-967.4					0.0319452	12.8971	460	0.0813002	390.828	69	439.407	0.918795	3	4	
4	6	44	4	2	1897	1169	[1892,1163,1902,1174]	766.63	-981.99					0.027091	11.2025	466	0.073349	402.31	78	439.407	0.941071	3	6	
4	6	34	3	1	2084	1625	[2081,1621,2090,1635]	794.56	-403.94					0.0391157642924	18.549719888	563	0.105355853905	455.676470588	84	509.963217263	0.929922344245	5	13	
4	6	44	9	1	1741	991	[1737,985,1746,996]	743.65	-1601.34					0.0256937601687	14.5616883117	625	0.0618609872273	552.178571429	77	499.616488426	1.13435059264	3	7	
4	6	24	6	1	79	500	[75,497,84,506]	-1439.43	-883.21					0.0273925949669	17.2796703297	708	0.0714806907548	613.535714286	65	579.293276768	1.08893959228	1	2	
4	6	43	3	1	1372	962	[1370,960,1375,966]	689.14	-305.65					0.0262550490479	18.2	767	0.0638002773925	675	30	702.131259115	0.987279787078	2	3	
4	6	64	4	1	1043	190	[1038,187,1052,195]	640.6	-837.36					0.0255368886382	15.7282913165	702	0.0781948773547	600.176470588	84	582.335952941	1.05764509094	1	2	
4	6	58	3	1	1295	889	[1291,882,1297,894]	677.56	-294.77					0.0254447	16.7407	731	0.0654539	641.185	54	611.087	1.07665	4	3	
4	6	58	3	2	1900	885	[1897,882,1905,890]	767.16	-294.27					0.0315645	20.8727	725	0.0619599	640.4	44	566.196	1.16792	5	5	
4	6	12	5	1	64	151	[60,148,70,156]	-472.89	-831.59					0.025184	22.9698	1002	0.0596967	889.107	52	830.596	1.0981	1	3	
4	6	12	5	2	1820	713	[1818,711,1826,716]	-213.16	-914.61					0.0272027	16.2579	655	0.0595277	581.4	38	579.714	1.03095	3	11	
4	6	27	3	1	973	1848	[964,1843,978,1853]	629.8	-436.53					0.0274621573015	14.2390025876	582	0.0715702011142	504.256410256	109	534.464954567	0.970120507273	4	13	
4	6	59	3	1	644	1632	[638,1625,653,1638]	581.6	-404.54					0.100457782299	84.6428571429	1046	0.159691150267	757.928571429	147	644.483476553	1.30735924073	8	9	
4	6	43	6	1	850	1670	[845,1666,853,1673]	-1325.61	-1056					0.0275029746728	16.8541666667	691	0.0738498397384	595.958333333	48	662.307008149	0.925269538839	7	8	
4	6	55	7	1	1568	1400	[1565,1396,1573,1403]	-1219.27	-1661.81					0.0274384501078	13.0664451827	532	0.069193224232	463.142857143	43	450.537834843	1.05697960415	7	5	
4	6	13	7	1	1718	463	[1713,454,1721,469]	-1197.35	-1523.22					0.0269113770789	15.4913419913	635	0.0626267748479	560.151515152	70	608.077543999	0.946660278486	1	2	
4	6	31	5	1	1110	1511	[1105,1507,1116,1517]	-318.36	-1032.6					0.0380871484288	20.0671116055	630	0.108368093981	506.806451613	87	590.074214792	0.892893724231	3	4	
4	6	6	3	1	1482	933	[1477,930,1485,940]	705.18	-301.4					0.0292158	21.0933	834	0.0867236	700.889	56	845.471	0.853941	1	9	
4	6	6	3	2	1397	976	[1390,971,1402,981]	692.71	-307.67					0.0359115	30.2638	986	0.0964883	812.469	86	845.471	0.996761	1	14	
4	6	6	3	3	1845	930	[1839,926,1848,938]	758.82	-301.11					0.0361109	30.9318	1031	0.110605	825.645	78	884.005	0.968973	2	15	
4	6	6	3	4	1778	1490	[1772,1486,1782,1494]	748.98	-383.59					0.0355494	28.0967	855	0.0573444	762.259	59	731.189	1.08092	3	35	
4	6	25	3	1	1344	874	[1341,870,1349,878]	684.99	-292.53					0.0313718056075	23.2353535354	817	0.064905056729	717.409090909	45	755.465252954	0.98038187931	3	4	
4	6	1	8	1	355	1140	[352,1133,359,1144]	-429.95	-1623.34					0.0391447981809	20.4136429608	606	0.0947748749305	501.076923077	53	907.755810561	0.574483313652	2	31	
4	6	51	2	1	924	1156	[921,1149,930,1159]	-1314.47	-333.94					0.0260594117755	16.8452380952	735	0.0772613065327	629.571428571	60	653.675076516	0.988895997247	7	8	
4	6	11	2	1	814	145	[811,141,819,150]	-1330.74	-184.81					0.0256362925303	11.3020689655	488	0.0636906578316	429.56	58	400.73999678	1.10011995935	1	3	
4	6	22	8	1	217	1165	[213,1159,221,1170]	-450.4	-1627.09					0.0442077814122	18.6646634615	475	0.08134138867	403.538461538	64	446.99757891	0.944531122584	2	2	
4	6	17	5	1	2085	985	[2083,983,2089,988]	-174.17	-954.8					0.0273761	9.76254	393	0.062383	346.846	23	350.163	1.01841	2	2	
4	6	17	5	2	2087	989	[2085,986,2092,992]	-173.73	-955.42					0.0333682	11.7041	388	0.067323	339.053	37	350.163	1.0017	2	4	
4	6	61	1	1	1569	672	[1563,668,1572,676]	-250.66	-262.58					0.0250348100367	13.5538461538	607	0.0697485257236	527.846153846	55	551.337444763	0.981975748505	4	1	
4	6	18	3	1	1403	933	[1397,929,1409,937]	693.63	-301.3					0.0298284292672	27.7123152709	1035	0.0690244684261	901.344827586	70	800.583369667	1.16047519604	1	8	
4	6	5	9	1	959	796	[956,794,963,802]	628.15	-1572.79					0.0308872554926	16.7173913043	608	0.0737100737101	524.52173913	46	580.589304957	0.932223735115	1	3	
4	6	12	9	1	1776	485	[1773,481,1781,489]	748.88	-1526.73					0.0295499	17.2888	671	0.0833216	567.783	42	525.583	1.11319	1	2	
4	6	12	9	2	1853	498	[1849,495,1857,504]	760.21	-1528.74					0.0334253	18.3986	606	0.0649889	532.04	57	525.583	1.04729	1	3	
4	6	6	9	1	2044	200	[2041,195,2049,205]	788.61	-1484.51					0.0255217391304	14.3909677419	616	0.0570751964856	549.48	62	552.585993995	1.02042211324	1	5	
4	6	7	3	1	1471	920	[1466,915,1475,926]	703.72	-299.36					0.0515176	35.6368	797	0.0969625	656.103	77	845.611	0.818036	1	14	
4	6	7	3	2	1896	1405	[1893,1401,1901,1413]	766.7	-371.32					0.0386234	29.3723	859	0.0804303	731.107	73	721.797	1.05359	3	25	
4	6	23	3	1	1403	870	[1399,868,1408,873]	693.64	-292.04					0.0272447	15.263	598	0.046409	544.957	41	780.416	0.717847	1	1	
4	6	23	3	2	1368	888	[1360,884,1372,895]	688.25	-294.8					0.0294781	25.0038	970	0.0818575	823.212	88	780.416	1.08688	1	3	
4	6	25	8	1	232	1045	[229,1041,237,1052]	-448.08	-1609.61					0.0366228323885	14.8385416667	452	0.0732093391373	390.333333333	64	466.111000332	0.869260486689	1	1	
4	6	60	4	1	1058	37	[1052,35,1061,40]	642.41	-814.66					0.0298102123992	16.7206208426	644	0.0840091813313	544.181818182	41	573.804150646	0.977515478745	1	1	
4	6	47	6	1	1204	1604	[1201,1602,1208,1608]	-1273.09	-1046.41					0.0262808842653	10.6368421053	442	0.0572897978711	394.1	38	394.997071171	1.02465783077	7	6	
4	6	20	3	1	2014	1497	[2008,1493,2021,1503]	784.14	-384.82					0.0375951	20.1913	644	0.109501	516.882	95	601.076	0.89352	3	13	
4	6	20	3	2	2020	1507	[2015,1504,2024,1515]	784.75	-386.47					0.0371732	23.1692	708	0.0824801	600.107	76	601.076	1.03693	3	14	
4	6	48	2	1	263	458	[259,456,266,462]	-1412.41	-231.22					0.025447	13.875	616	0.0737553	531.375	32	565.854	0.963588	3	2	
4	6	48	2	2	111	998	[108,996,114,1001]	-1434.79	-310.92					0.0265616	15.6897	631	0.0464345	575	29	499.56	1.18242	5	7	
4	6	63	7	1	635	1521	[632,1517,641,1525]	-1357.16	-1679.91					0.0259173784666	13.9790660225	598	0.0646334855639	525.391304348	54	484.34662948	1.1136040545	9	9	
4	6	5	6	1	256	1904	[251,1901,261,1910]	-1413.3	-1090.87					0.0259135665142	23.2962962963	1008	0.0702320094377	875.703703704	70	750.533780386	1.19781417372	2	4	
4	6	29	6	1	998	1456	[993,1452,1005,1459]	-1303.53	-1024.32					0.0283592087867	17.9106699752	759	0.105886967973	613.653846154	62	748.815627348	0.843417916325	3	2	
4	6	62	3	1	1260	875	[1255,872,1265,880]	672.56	-292.82					0.0342914146026	19.700136612	649	0.0782596656398	554.791666667	61	600.52299471	0.956652465167	5	3	
4	6	50	3	1	1994	1845	[1990,1841,1999,1850]	781.07	-436.15					0.0261382	9.29407	389	0.0581003	346.28	54	394.14	0.902151	6	11	
4	6	50	3	2	1132	1866	[1128,1863,1134,1880]	653.43	-439.9					0.0250334	13.7325	619	0.0729453	534.833	76	582.409	0.941892	7	13	
4	6	61	3	1	1181	899	[1177,895,1186,906]	660.9	-296.48					0.0308806	19.83	726	0.0768957	622.32	60	601.638	1.06734	3	2	
4	6	61	3	2	1835	1753	[1832,1749,1840,1758]	757.59	-422.6					0.0342393	13.7516	458	0.0828959	387.88	57	449.553	0.893402	10	7	
4	6	53	8	1	93	155	[89,151,96,158]	-468.74	-1477.84					0.0306703094823	15.8804878049	573	0.066145687971	501.9	41	435.513353264	1.18889692802	1	3	
4	6	16	8	1	271	1158	[268,1155,275,1161]	-442.35	-1626.23					0.0253301	13.9986	626	0.0750011	538.65	37	416.992	1.32532	2	3	
4	6	16	8	2	270	1163	[268,1162,275,1165]	-442.31	-1626.94					0.0252455	13.8394	638	0.0884094	534.353	26	416.992	1.31463	2	4	
4	6	38	3	1	1295	933	[1291,927,1298,944]	677.51	-301.72					0.026358	19.2396	834	0.0798252	710.694	91	692.654	1.05382	3	8	
4	6	38	3	2	2038	1614	[2035,1611,2041,1621]	787.49	-402.17					0.0257191	15.3383	667	0.0688746	581.042	50	602.266	0.990227	7	18	
4	6	57	7	1	1048	159	[1044,157,1051,164]	-1296.34	-1478.74					0.0264447	11.0942	461	0.0604666	408.429	44	380.706	1.10196	2	4	
4	6	57	7	2	1123	1976	[1119,1973,1125,1982]	-1285.3	-1747.3					0.0576855	48.6	1128	0.173838	793.9	42	502.48	1.67668	10	7	
4	6	57	7	3	1129	1975	[1126,1972,1134,1982]	-1284.18	-1747.15					0.0861795	72.3673	1163	0.204957	767.36	66	502.48	1.67116	10	8	
4	6	57	7	4	1126	1981	[1120,1978,1132,1985]	-1284.75	-1748.01					0.0750486	65.9024	1132	0.164473	812.227	54	502.48	1.74759	10	9	
4	6	31	3	1	1312	901	[1308,896,1319,907]	680.43	-296.54					0.0269256102673	17.5194805195	738	0.076474265472	633.142857143	77	712.036409291	0.913804868926	1	1	
4	6	53	1	1	1476	1075	[1471,1068,1482,1080]	-264.16	-322.16					0.0314899162195	16.6331168831	580	0.0626881298259	511.571428571	88	498.940225251	1.05865295826	3	1	
4	6	61	8	1	1375	211	[1371,207,1379,218]	-279.31	-1486.34					0.0660919844203	34.8266443701	628	0.12131305154	492.115384615	69	499.777791109	1.05435263103	2	3	
4	6	12	4	1	946	79	[942,76,952,85]	626.26	-820.98					0.0293810242713	16.0634920635	604	0.0646298472385	530.666666667	63	579.635930377	0.943230276243	1	1	
4	6	62	5	1	133	485	[129,480,137,489]	-462.79	-880.79					0.0292777	13.9167	515	0.0548775	461.417	60	370.263	1.28377	4	3	
4	6	62	5	2	102	510	[100,507,106,514]	-467.23	-884.54					0.0502565	26.7281	642	0.119339	505.105	36	370.263	1.43637	4	4	
4	6	62	5	3	919	2030	[917,2029,921,2032]	-346.6	-1109.33					0.0581997	30.9846	919	0.294002	501.4	13	438.519	1.21405	11	12	
4	6	7	7	1	1902	597	[1899,593,1906,601]	-1170.01	-1543.32					0.0312916228225	23.3504347826	832	0.0701862311951	722.869565217	50	705.226789902	1.05812769833	1	10	
4	6	1	7	1	1703	1640	[1700,1634,1706,1645]	-1199.38	-1697.27					0.0267757	29.3706	1217	0.0654216	1067.54	57	949.748	1.15495	1	3	
4	6	1	7	2	1801	1683	[1797,1678,1806,1698]	-1184.86	-1704.26					0.0271132	24.9128	1081	0.0947205	893.933	117	949.748	0.967463	1	8	
4	6	40	3	1	1325	941	[1315,937,1329,946]	681.85	-302.44					0.0257195304417	18.961961962	873	0.0972179761541	718.297297297	81	704.526284205	1.04646097071	3	7	
4	6	55	2	1	476	178	[470,171,481,183]	-1380.95	-189.49					0.105246	64.9327	784	0.173626	552.03	108	604.15	1.02121	1	1	
4	6	55	2	2	293	856	[291,853,297,861]	-1407.71	-289.99					0.0255952	12.4536	528	0.0537815	474.105	34	472.99	1.02869	6	5	
4	6	9	8	1	1842	1740	[1839,1738,1845,1744]	-210.19	-1712.35					0.0256299	8.9697	380	0.0540915	341	33	326.34	1.07241	3	9	
4	6	9	8	2	1726	1788	[1724,1785,1729,1792]	-227.28	-1719.38					0.0270384	9.14286	371	0.06	329	28	326.34	1.03617	3	10	
4	6	7	8	1	1673	658	[1668,655,1677,663]	-235.23	-1552.42					0.0261081206922	13.6359616802	571	0.0577480670103	508.652173913	59	461.921139659	1.13068680074	1	3	
4	6	56	7	1	949	216	[947,214,953,220]	-1310.74	-1487.04					0.0263416	19.475	790	0.0464616	719.85	40	709.041	1.04271	2	3	
4	6	56	7	2	1121	1975	[1116,1972,1125,1984]	-1285.68	-1747.21					0.0545035	31.6885	714	0.130002	549.714	72	480.136	1.21091	8	14	
4	6	56	7	3	1123	1981	[1120,1977,1126,1984]	-1285.19	-1747.86					0.0362092	21.6559	727	0.115526	576.421	39	480.136	1.24564	8	16	
4	6	44	7	1	1823	1260	[1819,1257,1827,1263]	-1181.7	-1641.2					0.0251497005988	12.6	547	0.0565964844505	488.4	45	478.839566875	1.04627945278	4	3	
4	6	64	6	1	2040	578	[2037,575,2045,583]	-1149.46	-894.79					0.0400186	15.0036	418	0.0746702	359.913	48	337.862	1.10967	5	5	
4	6	64	6	2	1517	1431	[1513,1427,1520,1436]	-1226.99	-1020.8					0.0288073	13.1766	500	0.0590671	444.227	52	416.945	1.09704	9	9	
4	6	18	6	1	970	1421	[965,1417,975,1425]	-1307.8	-1019.15					0.0307387946198	27.8316498316	1024	0.0769919950139	877.592592593	66	849.090474354	1.0663460135	2	4	
4	6	5	2	1	1578	1350	[1576,1347,1583,1353]	-1217.84	-362.98					0.0275414276191	16.2445820433	651	0.0632225899342	573.578947368	34	523.810251256	1.12602517419	3	8	
4	6	63	8	1	1361	202	[1358,199,1364,204]	-281.29	-1484.76					0.0302991701849	16.0096153846	585	0.0661806583893	512.375	26	501.397997573	1.05382274748	2	2	
4	6	21	8	1	306	1081	[303,1077,313,1085]	-436.99	-1614.74					0.0560525	29.8115	611	0.0978956	502.038	60	500.415	1.06282	1	1	
4	6	21	8	2	237	1155	[229,1151,243,1160]	-447.61	-1625.67					0.0484451	21.1903	501	0.092433	416.219	88	440.391	0.993229	2	2	
4	6	47	7	1	1940	1707	[1938,1705,1943,1709]	-1164.44	-1707.31					0.0274711594323	15.7619047619	620	0.0526315789474	558	21	581.236897156	0.987139508123	5	8	
4	6	57	3	1	640	1643	[635,1640,643,1648]	580.71	-406.27					0.0274755	22.4884	907	0.0651791	796	43	634.074	1.29084	10	10	
4	6	57	3	2	644	1646	[637,1642,647,1651]	581.33	-406.83					0.05264	41.3125	909	0.100151	743.5	64	634.074	1.23773	10	11	
4	6	12	7	1	1744	1693	[1741,1690,1748,1697]	-1193.29	-1705.31					0.0344898197987	25.6304347826	824	0.0690885501135	717.5	46	779.807570978	0.952966427154	2	3	
4	6	0	8	1	365	1127	[355,1123,369,1132]	-428.94	-1621.68					0.0262493690056	13.7647058824	620	0.0967456621836	510.617647059	68	966.449216483	0.542586557056	1	14	
4	6	2	5	1	1673	715	[1664,711,1676,720]	-235.51	-914.98					0.0277984981849	22.36	912	0.0767414403778	782	75	761.359519882	1.05647854791	2	30	
4	6	53	4	1	1648	514	[1646,512,1659,518]	730.31	-885.16					0.0250570081839	12.1384863124	555	0.0805061830768	472.296296296	46	517.878014119	0.93542256941	3	4	
4	6	62	8	1	1360	192	[1356,189,1364,197]	-281.49	-1483.5					0.0625364486469	36.2861952862	671	0.104568072131	543.954545455	54	503.060383643	1.15342165594	1	1	
4	6	33	1	1	1264	1799	[1258,1796,1270,1803]	-295.68	-429.3					0.0256310453857	13.6303763441	592	0.0665116954816	518.161290323	72	543.195862761	0.979005370114	5	6	
4	6	3	3	1	1311	1911	[1307,1906,1317,1920]	680.07	-446.09					0.0406403109448	24.3217893218	684	0.0873169070058	574.142857143	99	624.729732707	0.957957681751	3	30	
4	6	17	8	1	285	1184	[282,1181,289,1188]	-440.27	-1630					0.0306245927581	16.0487804878	618	0.0976909413854	508	41	415.193576706	1.2621794023	3	2	
4	6	6	5	1	73	214	[69,211,80,220]	-471.58	-840.96					0.0371304	43.5406	1310	0.0741667	1129.1	64	957.462	1.22474	1	2	
4	6	6	5	2	1781	654	[1778,651,1787,659]	-219.02	-905.88					0.0272023	18.5278	763	0.070439	662.583	54	657.846	1.03537	2	11	
4	6	8	6	1	54	569	[51,565,58,574]	-1443.21	-893.35					0.0331948065357	23.3818181818	787	0.0722070844687	681	55	625.85677889	1.12546806544	1	3	
4	6	56	3	1	903	142	[898,137,908,150]	619.63	-184.5					0.198166739415	165.090909091	1201	0.285179240235	668	110	444.712553145	1.87332447263	1	4	
4	6	13	8	1	915	891	[912,888,920,896]	-347.07	-1586.84					0.0255599472991	16.1666666667	701	0.0642712550607	616.333333333	42	676.575457651	0.934855074696	1	2	
4	6	19	8	1	326	1119	[322,1114,331,1126]	-434.26	-1620.57					0.0711570725959	40.3528013582	661	0.113036393265	526.741935484	95	445.384879725	1.27326894706	2	1	
4	6	39	6	1	217	112	[214,108,221,116]	-1419.04	-825.74					0.0262428442302	9.16842105263	381	0.0565723793677	340.2	38	366.975573851	0.952020913508	2	4	
4	6	36	1	1	1767	186	[1763,183,1774,192]	-221.06	-191.01					0.0277729517758	15.9857142857	654	0.0777851021753	559.6	70	658.480549199	0.874111946034	1	1	
4	6	36	5	1	1476	1944	[1474,1940,1479,1954]	-264.29	-1096.95					0.0260595999115	16.613960114	700	0.0598648963429	620.923076923	54	597.079459438	1.06775911809	6	10	
4	6	31	6	1	133	449	[130,445,138,456]	-1431.51	-875.83					0.0260723	17.1034	725	0.0631305	638.897	56	597.269	1.09833	1	6	
4	6	31	6	2	995	1470	[989,1465,1002,1476]	-1304.08	-1026.55					0.0442007	29.4284	839	0.137347	636.364	101	743.434	0.895564	3	8	
4	6	42	4	1	1905	1156	[1901,1151,1910,1161]	767.95	-979.94					0.0339900767916	14.7598978289	498	0.0855804941062	419.481481481	58	436.664030802	0.994451909658	1	3	
4	6	64	8	1	1086	602	[1083,599,1090,605]	-321.97	-1544.01					0.0271927117147	12.5245098039	524	0.0781240544629	448.058823529	36	493.157759843	0.933947249416	6	13	
4	6	56	5	1	66	306	[62,303,71,310]	-472.64	-854.39					0.0262038968532	13.4181818182	564	0.0614972003952	498.65	44	550.312529307	0.930504312637	5	3	
4	6	16	5	1	1508	492	[1503,488,1513,498]	-259.58	-882.05					0.0556064	23.588	484	0.0942711	400.607	82	475.374	0.892339	1	2	
4	6	16	5	2	1196	1626	[1193,1622,1202,1631]	-305.53	-1049.59					0.0302739	10.8064	406	0.0795746	346.148	66	396.334	0.900642	2	4	
4	6	60	8	1	1195	240	[1192,236,1200,244]	-305.7	-1490.42					0.0267038	12.778	521	0.0560125	465.731	57	492.833	0.970935	4	10	
4	6	60	8	2	676	1162	[671,1160,681,1167]	-382.6	-1626.93					0.0335141	12.5441	435	0.091936	361.75	51	419.253	0.892765	14	20	
4	6	64	7	1	242	1414	[237,1411,246,1419]	-1415.38	-1664.12					0.0275678866588	11.2379679144	459	0.0731707317073	396.409090909	51	391.439566941	1.04140483807	12	17	
4	6	56	8	1	172	146	[169,143,175,150]	-457.06	-1476.64					0.0329814021293	17.7761904762	594	0.0652797704448	521.2	42	441.553039687	1.22063748187	3	4	
4	6	45	3	1	1330	933	[1325,926,1336,940]	682.95	-301.36					0.0285569272567	18.7549019608	752	0.0820143884892	638	102	691.935678513	0.949156001569	2	8	
4	6	50	7	1	1100	1987	[1094,1981,1107,1996]	-1288.51	-1748.91					0.262517296604	235.936332544	1263	0.311656199001	662.80952381	181	496.626090782	1.80970326174	5	4	
4	6	15	3	1	1833	904	[1828,899,1837,908]	757.23	-296.92					0.0315305	22.0944	802	0.083318	678.636	52	736.442	0.951509	2	8	
4	6	15	3	2	1933	1401	[1929,1395,1939,1406]	772.12	-370.43					0.0337636	18.7506	686	0.122199	536.6	77	631.523	0.879383	3	13	
4	6	15	3	3	1956	1451	[1953,1444,1959,1456]	775.36	-377.68					0.0370087	23.0316	724	0.0942372	599.296	61	631.523	0.98544	3	14	
4	6	5	8	1	364	1106	[359,1100,371,1112]	-428.51	-1618.52					0.0375187304636	18.0299145299	538	0.0754324106721	462.527777778	104	727.628437911	0.660443802454	3	22	
4	6	17	3	1	1450	872	[1447,869,1454,876]	700.64	-292.3					0.0408448935745	27.8825396825	749	0.0671325350249	654.761904762	45	797.676949762	0.855790611285	1	3	
4	6	4	6	1	96	799	[92,795,103,805]	-1436.9	-927.34					0.0521939	34.5562	765	0.0987305	627.516	83	545.33	1.21408	1	3	
4	6	4	6	2	120	806	[117,803,125,810]	-1433.33	-928.36					0.0309598	18.4273	669	0.0740322	576.773	45	545.33	1.09145	1	4	
4	6	4	6	3	121	811	[120,810,124,813]	-1433.18	-929.14					0.06581	42.25	1116	0.300889	599.75	17	545.33	1.17727	1	5	
4	6	4	6	4	89	849	[84,843,96,854]	-1437.98	-934.69					0.0435042	27.8682	718	0.0791161	612.719	92	545.33	1.17468	1	6	
4	6	41	3	1	1594	713	[1588,709,1598,720]	721.72	-268.8					0.025256	16.3426	724	0.0688435	630.735	77	595.538	1.08654	2	6	
4	6	41	3	2	2074	1532	[2069,1528,2080,1536]	792.95	-389.87					0.039221	24.6623	744	0.103741	604.143	77	614.577	1.02315	7	16	
4	6	30	5	1	1944	1952	[1943,1951,1947,1954]	-194.93	-1097.77					0.145947	82.0429	988	0.345957	480.1	14	426.48	1.3181	6	10	
4	6	30	5	2	1964	2026	[1959,2022,1967,2030]	-192.23	-1108.6					0.0262901	12.3789	534	0.0760941	458.478	49	426.48	1.10405	6	11	
4	6	60	7	1	682	1480	[676,1475,689,1484]	-1350.34	-1673.67					0.026698097692	13.0213903743	560	0.0824332006822	474.705882353	88	484.917299761	1.00579474679	7	4	
4	6	30	6	1	61	420	[59,417,65,425]	-1442.09	-871.39					0.0267084	17.5494	718	0.0578083	639.524	41	556.972	1.17972	1	2	
4	6	30	6	2	759	1627	[755,1624,763,1631]	-1339.11	-1049.76					0.0251363	14.0685	613	0.0581563	545.619	48	655.981	0.853207	4	4	
4	6	47	3	1	1235	870	[1231,867,1240,873]	668.93	-291.9					0.0275806915717	19.7393320965	798	0.0683055952779	695.954545455	49	680.74085697	1.05134556009	1	1	
4	6	43	2	1	150	948	[147,944,154,952]	-1428.97	-303.5					0.0270899655488	16.3473684211	671	0.06668786265	587.1	38	530.929371609	1.13658689967	5	9	
4	6	52	7	1	1116	1983	[1111,1978,1120,1990]	-1286.28	-1748.11					0.0951535136054	83.3301093356	1184	0.198129667109	792.413793103	82	500.101934016	1.75113080529	6	5	
4	6	59	4	1	1207	1925	[1203,1919,1211,1930]	664.74	-1093.59					0.0429254138932	32.3357142857	868	0.0925355689915	720.964285714	70	630.166749454	1.1953978858	9	4	
4	6	4	8	1	821	963	[816,959,825,966]	-361.17	-1597.27					0.0278304	24.0455	986	0.0799831	839.955	47	876.854	0.985341	1	8	
4	6	4	8	2	405	1044	[399,1040,410,1051]	-422.75	-1609.44					0.0389234	27.1325	782	0.0771786	669.941	95	751.108	0.928061	2	17	
4	6	4	8	3	374	1107	[369,1102,378,1114]	-427.23	-1618.74					0.0492047	24.0893	581	0.110385	465.484	82	751.108	0.651802	2	24	
4	6	17	9	1	1140	735	[1137,732,1144,738]	654.74	-1563.61					0.0267726061232	12.4239766082	509	0.0597194827964	451.631578947	36	419.27494735	1.10680487467	2	2	
4	6	59	8	1	1369	195	[1365,192,1373,201]	-280.13	-1484.01					0.0691939	30.4249	503	0.102732	409.28	61	501.843	0.87618	1	1	
4	6	59	8	2	1193	163	[1188,158,1197,166]	-306.15	-1479.03					0.0253032	13.818	599	0.0589774	532.28	51	517.553	1.05515	3	8	
4	6	8	3	1	1428	937	[1423,933,1432,941]	697.26	-301.79					0.0266489	21.4112	933	0.0880202	782.042	53	832.513	0.965094	1	16	
4	6	8	3	2	1916	1475	[1912,1472,1920,1480]	769.58	-381.53					0.0258575	17.7667	774	0.0725173	669.333	50	712.343	0.964563	3	34	
4	6	16	7	1	1762	1700	[1752,1696,1765,1705]	-1190.98	-1706.37					0.0256864865614	16.4677777778	750	0.0911956675491	624.638888889	75	722.600695187	0.887221214893	2	1	
4	6	6	6	1	203	1852	[191,1847,209,1857]	-1421.34	-1082.86					0.0619148534887	43.0497416021	874	0.145286382544	652.255813953	108	739.590854598	0.940121894737	1	1	
4	6	58	1	1	1477	275	[1473,271,1480,279]	-264.29	-203.97					0.031204925383	13.0058528428	467	0.0725983622928	403.782608696	52	448.338931519	0.929628083215	1	1	
4	6	4	3	1	1387	870	[1377,866,1393,875]	691.09	-292.05					0.039111	41.9116	1270	0.104495	1029.69	99	864.75	1.23921	1	2	
4	6	4	3	2	1894	1398	[1889,1394,1899,1402]	766.24	-369.96					0.034415	28.8537	960	0.0850206	809.552	74	782.778	1.07106	2	26	
4	6	4	3	3	1763	1467	[1759,1464,1766,1474]	746.77	-380.47					0.0254565	20.3648	927	0.0863574	779.621	69	782.778	1.02198	2	32	
4	6	3	8	1	373	1131	[368,1126,378,1135]	-427.4	-1622.15					0.0734893848666	38.3108108108	622	0.125791855204	483	74	789.399220329	0.660389315552	2	20	
4	6	12	8	1	401	1059	[397,1054,405,1066]	-423.22	-1611.57					0.0727169865211	34.6721955478	557	0.114961173425	442.137931034	79	587.772793759	0.811215033504	1	2	
4	6	60	1	1	790	349	[787,344,794,354]	-365.62	-215					0.0266356348591	17.9130434783	723	0.0496449424018	654.608695652	46	552.196119124	1.21790377701	1	1	
4	6	53	3	1	1884	1712	[1881,1706,1888,1715]	764.88	-416.28					0.0262284762833	10.9838435374	471	0.0719264141103	407.791666667	49	414.394519643	1.01057202823	7	6	
4	7	9	6	1	641	657	[635,654,648,662]	-1356.32	-906.36					0.0250438033708	60.6233421751	2684	0.0642201834862	2360.06896552	65	2499.77712577	0.968363252362	1	4	
4	7	41	9	1	1155	391	[1150,387,1160,396]	656.98	-1512.79					0.0722355	60.1438	993	0.124917	772.464	74	670.434	1.24189	2	8	
4	7	41	9	2	961	572	[958,568,965,576]	628.4	-1539.53					0.026293	29.0527	1217	0.0615356	1075.9	47	961.468	1.14924	5	21	
4	7	20	9	1	1497	372	[1490,367,1503,378]	707.49	-1509.99					0.0438561379599	73.636036036	1861	0.0737364412647	1605.4	111	1702.39201971	0.986280490389	2	4	
4	7	8	6	1	663	645	[658,637,668,653]	-1353.21	-904.5					0.0404505794012	101.302564103	2856	0.0861274579114	2403.05128205	130	2552.56088257	0.981114246188	1	3	
4	7	48	4	1	482	268	[476,266,488,281]	557.73	-849.36					0.0260701	13.5496	614	0.0962465	506.186	87	274.065	1.8964	2	3	
4	7	48	4	2	467	288	[460,284,473,292]	555.23	-851.77					0.0461179	23.2471	570	0.0848533	480.833	87	274.065	1.83927	2	6	
4	7	40	9	1	1161	395	[1156,391,1164,400]	657.83	-1513.42					0.0422833	32.5669	863	0.0783187	737.64	58	666.83	1.15503	3	4	
4	7	40	9	2	892	786	[887,783,895,792]	618.01	-1571.41					0.0913061	62.9086	842	0.147079	626.077	69	593.258	1.16136	7	30	
4	7	40	9	3	936	801	[932,794,941,806]	624.73	-1573.28					0.0637157	48.8611	954	0.141148	718	72	593.258	1.29263	7	34	
4	7	37	4	1	818	1167	[814,1163,823,1173]	607.26	-981.72					0.0565896045363	46.8720043573	956	0.100490300576	781.407407407	68	647.850236603	1.27850445206	1	6	
4	7	64	9	1	1065	122	[1061,119,1071,126]	643.78	-1473.08					0.027637	16.0406	631	0.0557457	564.364	47	566.213	1.02506	2	1	
4	7	64	9	2	1198	330	[1195,327,1202,337]	663.42	-1503.99					0.0828378	57.3143	831	0.134029	634.571	70	566.953	1.22036	7	24	
4	7	64	9	3	876	726	[871,720,881,732]	615.8	-1562.29					0.0970807	76.5955	990	0.163069	712.393	86	505.319	1.56137	19	73	
4	7	8	9	1	1530	366	[1520,363,1535,371]	712.18	-1509.23					0.0251335	54.004	2429	0.0739034	2094.68	93	2376.31	0.904212	3	22	
4	7	8	9	2	303	1203	[296,1198,309,1210]	531.03	-1632.89					0.0467735	167.509	4148	0.0970965	3413.78	108	824.633	4.34289	7	24	
4	7	8	9	3	315	1206	[306,1198,322,1214]	532.71	-1633.35					0.0933651	350.378	4390	0.126739	3402.4	185	824.633	4.55085	7	25	
4	7	8	9	4	299	1213	[295,1207,307,1221]	530.47	-1634.4					0.0405666	142.67	3899	0.072145	3374.27	101	824.633	4.26486	7	26	
4	7	51	8	1	2041	1054	[2037,1052,2044,1058]	-180.8	-1610.98					0.0314136	17.6842	620	0.0641373	545.263	38	528.11	1.06597	3	8	
4	7	51	8	2	1743	1380	[1740,1376,1747,1384]	-224.71	-1658.97					0.0411766	29.9654	806	0.0719782	697.762	44	459.955	1.58217	4	27	
4	7	1	7	1	1472	995	[1468,990,1480,1002]	-1233.4	-1602.25					0.0283810522662	93.3390433096	3585	0.0574533151148	3195.44117647	91	2963.69373747	1.10968963432	2	6	
4	7	19	6	1	299	263	[291,260,304,267]	-1407.14	-848.07					0.0414235283542	45.9315732759	1305	0.102244098502	1062.89655172	64	797.472895491	1.39042735028	1	8	
4	7	46	8	1	1793	1435	[1789,1430,1797,1438]	-217.44	-1667.05					0.0401642	31.3627	880	0.0800859	749.5	51	568.383	1.37383	2	10	
4	7	46	8	2	1768	1465	[1765,1462,1771,1469]	-221.13	-1671.62					0.0252004	16.7118	729	0.060021	646.444	32	568.383	1.16674	2	11	
4	7	54	8	1	2027	1049	[2021,1045,2031,1054]	-182.93	-1610.13					0.171765	182.454	1396	0.226833	879.778	82	520.766	2.03975	2	3	
4	7	54	8	2	1734	1371	[1729,1367,1738,1375]	-226.24	-1657.59					0.0486548	35.2179	807	0.0791545	688.615	66	487.307	1.48537	3	13	
4	7	58	4	1	904	1120	[902,1118,909,1123]	620.04	-974.83					0.0319853182146	37.0994152047	1350	0.0918842985761	1122.78947368	36	737.941072503	1.57179066474	8	18	
4	7	45	4	1	947	345	[943,341,951,349]	626.23	-860.15					0.0289486	23.3533	867	0.0506775	783.364	53	737.997	1.09312	2	3	
4	7	45	4	2	376	1922	[371,1918,381,1927]	541.77	-1093.37					0.0266507	18.3786	867	0.127269	671.231	64	367.75	1.87521	5	13	
4	7	60	9	1	1213	390	[1209,386,1218,395]	665.62	-1512.72					0.0461759	29.3857	707	0.0761035	607	70	575.876	1.10507	3	10	
4	7	60	9	2	883	855	[880,852,887,863]	616.8	-1581.64					0.0542332	31.2564	650	0.0877961	545.077	63	478.735	1.20387	15	60	
4	7	60	9	3	890	860	[886,858,894,864]	617.81	-1582.2					0.0272358	16.1907	656	0.0629741	578.273	41	478.735	1.24174	15	61	
4	7	54	5	1	1548	1560	[1544,1553,1554,1565]	-253.49	-1039.67					0.0432902	48.9268	1301	0.092232	1081.28	88	508.323	2.2234	8	16	
4	7	54	5	2	1536	1558	[1530,1554,1539,1563]	-255.54	-1039.58					0.0442723	46.1538	1163	0.0771779	996.346	60	508.323	2.05086	8	17	
4	7	54	5	3	1568	1577	[1566,1575,1574,1580]	-250.37	-1042.3					0.0324558	36.5909	1258	0.071177	1090.82	44	508.323	2.2179	8	20	
4	7	54	5	4	1565	1583	[1561,1578,1572,1592]	-250.88	-1043.36					0.0774857	96.3312	1449	0.116383	1146.88	103	508.323	2.44572	8	22	
4	7	3	3	1	255	197	[252,194,259,203]	524.03	-192.56					0.0260837015667	14.0049019608	580	0.0517567057046	522.916666667	51	476.869985141	1.1259286291	1	1	
4	7	3	7	1	1533	551	[1530,548,1538,555]	-1224.51	-1536.46					0.0256639	17.585	746	0.055447	667.619	49	635.367	1.07844	1	1	
4	7	3	7	2	1549	1080	[1544,1076,1554,1087]	-1222.14	-1614.73					0.0356944	78.6225	2536	0.0884045	2124.03	84	2671.48	0.824507	2	7	
4	7	49	1	1	353	1870	[346,1863,359,1878]	-430.3	-439.84					0.121447	190.33	2013	0.187658	1376.86	165	1170.77	1.3386	4	9	
4	7	49	1	2	371	1878	[366,1874,376,1883]	-427.6	-441					0.0405699	56.8076	1533	0.0659034	1343.43	83	1170.77	1.196	4	11	
4	7	62	5	1	1642	1663	[1637,1659,1648,1668]	-239.75	-1054.99					0.0605996	62.1911	1169	0.0960721	964.071	80	554.269	1.85156	15	30	
4	7	62	5	2	1654	1667	[1648,1662,1658,1672]	-238.09	-1055.65					0.0282444	31.2241	1293	0.0923949	1074.28	56	554.269	1.99452	15	31	
4	7	62	5	3	1619	1674	[1615,1671,1622,1677]	-243.23	-1056.7					0.0275926	27.1611	1156	0.0940753	957.2	36	554.269	1.77596	15	32	
4	7	62	5	4	1657	1683	[1649,1673,1667,1689]	-237.4	-1057.61					0.068597	78.4132	1360	0.121795	1064.69	201	554.269	2.06235	15	33	
4	7	36	9	1	1527	72	[1520,67,1533,77]	711.83	-1465.56					0.0595567901887	28.6896969697	580	0.122909944265	453.03030303	100	392.048477221	1.22872559897	1	1	
4	7	10	9	1	976	79	[973,76,980,85]	630.55	-1466.83					0.0746204	96.4276	1502	0.113494	1195.81	66	1267.23	1.01974	1	8	
4	7	10	9	2	1581	339	[1577,332,1586,346]	719.96	-1505.19					0.0272764	57.6148	2408	0.0791801	2054.65	84	2187.63	0.965549	3	38	
4	7	10	9	3	287	1187	[283,1184,293,1194]	528.78	-1630.68					0.0393618	148.195	4195	0.0740242	3616.74	79	922.765	4.08006	6	40	
4	7	10	9	4	296	1188	[292,1183,301,1193]	529.94	-1630.55					0.0461409	159.596	4151	0.114321	3299.28	70	922.765	3.74838	6	41	
4	7	10	9	5	299	1195	[294,1191,303,1202]	530.49	-1631.8					0.0553055	189.284	3919	0.0958815	3233.23	87	922.765	3.70898	6	43	
4	7	7	9	1	1228	217	[1223,214,1231,222]	667.62	-1487.21					0.10024	93.1878	1169	0.165818	836.458	65	737.563	1.26043	2	9	
4	7	7	9	2	322	1205	[317,1202,326,1210]	533.78	-1633.27					0.0296141	108.054	3955	0.0552742	3540.68	53	829.407	4.39921	6	20	
4	7	7	9	3	325	1223	[321,1219,331,1229]	534.31	-1635.83					0.0491548	161.031	3850	0.105533	3114.97	94	829.407	3.94981	6	24	
4	7	53	5	1	1560	1546	[1551,1544,1562,1550]	-252.33	-1037.77					0.0321457	30.64	1139	0.10501	922.52	50	498.828	1.9108	7	13	
4	7	53	5	2	1552	1552	[1547,1548,1557,1557]	-252.96	-1038.69					0.032201	35.2099	1168	0.0493072	1058.23	59	498.828	2.19202	7	16	
4	7	53	5	3	1582	1582	[1577,1577,1588,1589]	-248.61	-1043.03					0.0670589	85.3542	1503	0.117277	1187.47	96	498.828	2.55163	7	21	
4	7	59	4	1	540	536	[536,533,544,540]	566.1	-888.47					0.0271093	20.2518	823	0.0620782	726.792	46	625.194	1.1949	3	1	
4	7	59	4	2	903	1110	[901,1107,908,1114]	619.91	-973.33					0.0412977	54.3514	1493	0.0839511	1261.74	34	728.681	1.80612	6	12	
4	7	40	3	1	1896	1094	[1884,1091,1899,1100]	765.98	-325.26					0.042586523475	23.9954887218	680	0.115250345587	539.457142857	95	450.446121764	1.25087686264	2	1	
4	7	2	9	1	268	1230	[264,1227,275,1235]	526.01	-1636.93					0.0280943	103.265	4144	0.0740789	3572.38	73	901.594	4.07683	7	21	
4	7	2	9	2	273	1244	[267,1239,278,1250]	526.62	-1638.79					0.0601512	233.021	4534	0.109248	3640.91	83	901.594	4.29676	7	22	
4	7	2	9	3	256	1248	[251,1243,260,1254]	524.13	-1639.56					0.0283084	107.945	4344	0.0793564	3705.24	75	901.594	4.22938	7	23	
4	7	2	9	4	1450	1789	[1445,1785,1454,1794]	700.56	-1719.45					0.0342063	62.9716	1971	0.0514904	1777.96	78	1811.08	1.01648	8	25	
4	7	57	5	1	1606	1584	[1600,1575,1612,1593]	-245.05	-1043.3					0.0888706	89.4971	1345	0.188922	917.553	159	342.85	2.93729	6	12	
4	7	57	5	2	1601	1610	[1590,1601,1608,1618]	-245.88	-1047.04					0.0939978	113.704	1484	0.150412	1095.94	168	342.85	3.52822	6	15	
4	7	20	6	1	582	672	[577,666,593,681]	-1364.86	-908.62					0.0312461266257	65.5838171263	2580	0.118491010519	2033.35849057	156	2147.80195805	0.977251324231	2	12	
4	7	42	4	1	375	1898	[369,1893,380,1908]	541.63	-1089.98					0.1083	82.7343	926	0.152315	681.2	137	395.704	1.93057	5	6	
4	7	42	4	2	399	1971	[396,1968,405,1977]	545.51	-1100.76					0.0320003	22.2837	785	0.0760228	674.077	61	395.704	1.7598	5	28	
4	7	61	6	1	815	674	[811,671,819,681]	-1330.72	-909.1					0.0263099749682	29.8634920635	1249	0.0610823209583	1105.2	63	1206.70659318	0.940629228741	3	3	
4	7	8	7	1	135	2061	[131,2056,140,2066]	-1431.15	-1759.6					0.0271729508596	30.3302387268	1282	0.0828333430419	1085.86206897	78	1206.59044435	0.925079684594	2	5	
4	7	42	3	1	1880	1078	[1877,1073,1883,1086]	764.15	-322.88					0.0332958075641	17.4365671642	648	0.122807017544	506.25	67	458.487334628	1.14220508968	2	1	
4	7	58	5	1	1774	76	[1770,73,1778,81]	-220.31	-820.49					0.059814	32.9924	633	0.0993487	518.591	48	454.034	1.21485	1	1	
4	7	58	5	2	1795	144	[1791,140,1798,148]	-217.24	-830.44					0.0365735	19.7364	603	0.0740048	519.9	44	454.034	1.18854	1	9	
4	7	58	5	3	1598	1551	[1595,1548,1602,1557]	-246.21	-1038.64					0.0493361	18.9635	449	0.10264	365.409	51	341.969	1.124	10	20	
4	7	58	5	4	1620	1587	[1609,1579,1631,1597]	-243.08	-1044.02					0.140186	130.533	1206	0.202031	800.603	272	341.969	2.72287	10	21	
4	7	58	5	5	1626	1601	[1621,1594,1630,1617]	-242.03	-1046.28					0.0600698	59.6858	1216	0.131204	933.922	135	341.969	2.90555	10	22	
4	7	45	9	1	1491	564	[1489,562,1500,571]	707.08	-1538.73					0.044425547997	19.9842137219	535	0.108978542091	429.851851852	61	347.664593358	1.29387942911	3	16	
4	7	3	6	1	745	661	[740,656,750,665]	-1341.08	-906.82					0.0410580252954	116.124031008	3250	0.0902076985436	2712.16666667	86	2900.06781301	0.975249849326	2	6	
4	7	10	7	1	81	2035	[78,2031,86,2039]	-1439.18	-1755.75					0.0271252048963	27.6390484003	1176	0.0852190659605	991.304347826	53	1161.8307914	0.877015313906	2	3	
4	7	41	3	1	1885	1086	[1876,1080,1893,1093]	764.8	-323.95					0.101767119554	56.4327122153	670	0.147166734611	498.095238095	161	452.565052708	1.22529998061	2	1	
4	7	51	3	1	1889	1056	[1885,1051,1895,1063]	765.57	-319.53					0.0311610511683	15.6916666667	570	0.077632045374	487.875	90	485.048662132	1.03817762213	2	2	
4	7	6	9	1	302	1216	[299,1212,305,1222]	530.83	-1634.81					0.038926800567	134.76962963	3963	0.0871891100028	3327.36	54	839.63417358	4.12337865533	4	17	
4	7	31	5	1	1617	1577	[1615,1575,1620,1579]	-243.37	-1042.22					0.0251858156891	8.36868686869	365	0.059646344682	323.909090909	18	330.81359825	1.00442599559	4	3	
4	7	57	8	1	1749	1387	[1743,1385,1755,1390]	-223.93	-1660.03					0.03542469941	34.601255887	1177	0.110820719445	942.153846154	49	483.82412384	2.01882265458	5	5	
4	7	13	6	1	663	705	[658,701,668,713]	-1353.23	-913.63					0.0369346928936	75.3632686084	2438	0.107405795181	1965.08333333	103	2329.69119652	0.875844234201	2	5	
4	7	47	9	1	840	742	[836,737,843,745]	610.35	-1564.6					0.0552724982826	45.7944664032	988	0.115925659719	782.727272727	46	582.28178046	1.42288796753	8	27	
4	7	60	6	1	774	694	[771,691,781,703]	-1336.61	-912.23					0.0469306	75.6566	1795	0.0776129	1536.44	85	1213.51	1.32845	2	4	
4	7	60	6	2	757	752	[754,748,762,756]	-1339.17	-920.33					0.0528816	77.1204	1665	0.0931516	1381.24	53	1213.51	1.20176	2	8	
4	7	59	5	1	1626	1587	[1618,1582,1635,1595]	-241.88	-1043.95					0.0595878	51.2225	1118	0.16072	808.391	145	343.308	2.50391	11	22	
4	7	59	5	2	1617	1610	[1613,1601,1627,1616]	-242.98	-1047.02					0.0562878	55.4103	1164	0.112279	929	117	343.308	2.86742	11	25	
4	7	64	8	1	2031	1036	[2026,1034,2040,1040]	-182.05	-1608.33					0.0273089	15.9461	662	0.076451	567.968	58	494.647	1.18047	6	21	
4	7	64	8	2	1967	1052	[1963,1048,1972,1058]	-191.6	-1610.62					0.165974	165.388	1396	0.25366	831.08	77	494.647	2.0145	6	22	
4	7	64	8	3	510	1979	[507,1975,515,1983]	-406.97	-1747.5					0.032921	13.3295	449	0.0683288	391.565	57	389.512	1.03949	12	67	
4	7	64	8	4	1219	1981	[1218,1980,1221,1983]	-302.23	-1747.88					0.180051	132.795	1582	0.446896	604.75	11	559.89	1.3173	13	68	
4	7	12	10	1	319	1140	[316,1135,324,1147]	-435.19	-2269.41					0.0283941575711	40.2733386076	1570	0.0650950296272	1378.09375	79	1022.58113712	1.3870460124	1	1	
4	7	45	8	1	1718	1298	[1715,1294,1722,1302]	-228.41	-1646.88					0.0278525877182	21.4950980392	861	0.0687354538402	750.25	51	584.057478035	1.32135128316	3	5	
4	7	38	9	1	932	716	[929,714,935,720]	624.09	-1560.94					0.0564248104858	41.9722222222	852	0.096603503754	701.888888889	36	613.581367925	1.21232675892	6	23	
4	7	3	9	1	288	1242	[282,1236,293,1248]	528.93	-1638.65					0.0563634887959	224.676470588	4463	0.0852900577183	3761.52941176	102	888.156613582	4.48817902315	6	23	
4	7	64	2	1	1392	1212	[1389,1208,1398,1217]	-1245.25	-342.54					0.034695	24.6231	782	0.0660632	685.08	64	685.472	1.03535	3	6	
4	7	64	2	2	1352	1309	[1348,1305,1355,1314]	-1251.39	-356.99					0.0575796	46.9043	930	0.0956027	767.696	55	685.472	1.18838	3	14	
4	7	63	9	1	499	473	[495,468,503,480]	560.05	-1525					0.0524095	47.0539	1011	0.0860699	850.759	80	782.979	1.14666	8	27	
4	7	63	9	2	507	547	[504,543,511,552]	561.14	-1535.87					0.0399415	43.9457	1271	0.0922508	1056.3	56	782.979	1.40521	8	37	
4	7	63	9	3	719	595	[716,592,723,599]	592.53	-1542.98					0.0289492	20.2872	768	0.0604073	680.5	47	605.126	1.15809	13	43	
4	7	63	8	1	1521	505	[1516,501,1530,511]	-257.39	-1529.77					0.0904288	68.6314	944	0.155217	690.324	113	367.67	2.06423	3	6	
4	7	63	8	2	1778	1395	[1774,1392,1783,1399]	-219.54	-1661.23					0.0398093	33.8438	964	0.0829609	816.304	54	514.716	1.65168	7	23	
4	7	63	8	3	1249	1463	[1246,1460,1252,1466]	-297.89	-1671.26					0.0366863	40.3684	1240	0.0782609	1060	38	926.717	1.18738	8	54	
4	7	63	8	4	1213	1953	[1209,1951,1216,1958]	-303.24	-1743.9					0.0264029	14.8636	619	0.0607571	548.091	44	564.184	0.997821	11	57	
4	7	22	6	1	558	666	[553,660,564,681]	-1368.7	-908.3					0.0365210546909	80.1506104329	2479	0.079353473948	2114.49056604	170	2093.22695268	1.04844874736	1	2	
4	7	48	8	1	1705	1318	[1702,1315,1708,1323]	-230.42	-1649.88					0.0347450657895	25.35	790	0.0573866488205	704.25	40	458.626446705	1.59083717313	2	5	
4	7	57	9	1	506	481	[503,479,511,485]	561.27	-1526.16					0.0399842	41.8479	1248	0.107973	1004.76	41	801.855	1.30524	6	35	
4	7	57	9	2	756	613	[752,608,759,619]	597.97	-1545.54					0.0265889	18.1373	756	0.0647887	664	51	598.157	1.1404	12	57	
4	7	57	9	3	1657	786	[1653,781,1664,793]	731.38	-1571.21					0.0378143	29.8838	883	0.0746054	760.394	90	655.776	1.2051	15	62	
4	7	39	9	1	864	724	[861,721,867,728]	613.99	-1562.05					0.0602580967222	46.234989648	903	0.112036358305	721.047619048	46	602.709319595	1.27305582268	8	22	
4	7	60	4	1	856	1131	[853,1126,859,1134]	612.84	-976.15					0.0321864	31.4227	1068	0.0611819	944.85	44	733.756	1.33051	7	26	
4	7	60	4	2	858	1206	[854,1202,864,1210]	613.15	-987.44					0.0364502	29.2979	903	0.076614	774.481	68	733.756	1.09543	7	42	
4	7	51	7	1	1930	531	[1927,528,1933,536]	-1165.92	-1533.52					0.0617183528216	21.6785714286	425	0.126467247255	329.571428571	44	280.90042804	1.25044309277	1	2	
4	7	61	5	1	1834	133	[1831,130,1837,138]	-211.42	-828.91					0.0604570827233	30.7290697674	612	0.123399568629	477.55	43	457.151269172	1.1118400058	1	11	
4	7	23	10	1	1603	1455	[1600,1451,1607,1459]	-245.42	-2315.88					0.0269011154391	12.9308510638	537	0.0689226175666	467.75	47	495.487685021	0.970116645873	1	1	
4	7	53	8	1	1797	1368	[1791,1364,1801,1375]	-217	-1657.35					0.0824375	64.5889	905	0.114601	718.9	90	481	1.62887	3	8	
4	7	53	8	2	1709	1384	[1702,1379,1713,1390]	-229.9	-1659.81					0.0256469	17.8711	776	0.0667086	678.943	86	481	1.44868	3	13	
4	7	28	9	1	1170	368	[1166,363,1174,373]	659.2	-1509.33					0.0659049	40.985	719	0.106242	580.897	76	482.786	1.28811	1	1	
4	7	28	9	2	1376	332	[1370,328,1380,339]	689.6	-1504.36					0.0260787	34.0503	1504	0.0837199	1271.63	77	1362.04	0.958617	2	3	
4	7	58	9	1	1536	980	[1533,977,1541,983]	713.46	-1599.78					0.0384861066752	20.0833333333	567	0.0610526315789	501.75	42	468.726642883	1.11329991853	22	107	
4	7	0	8	1	1978	776	[1975,773,1984,780]	-189.85	-1569.75					0.0277096	19.5166	778	0.0637065	684.81	46	613.569	1.14792	2	4	
4	7	0	8	2	2015	1644	[2011,1640,2020,1649]	-184.66	-1698.01					0.031789	16.5313	597	0.0849614	503.5	64	557.399	0.932961	3	6	
4	7	44	3	1	1886	1065	[1880,1059,1892,1073]	765.06	-320.91					0.102804322488	55.8641358641	657	0.148061025607	487.538461538	154	459.264729159	1.18320124081	2	2	
4	7	64	5	1	1794	72	[1791,70,1797,78]	-217.29	-820.11					0.0359791	19.5227	621	0.0855781	523.091	44	448.979	1.20855	1	4	
4	7	64	5	2	1668	1635	[1662,1632,1673,1639]	-235.92	-1050.89					0.0426868	40.5308	1100	0.0950931	908.962	65	476.25	1.99368	15	30	
4	7	64	5	3	1675	1637	[1672,1634,1683,1647]	-234.65	-1051.42					0.0492323	54.3115	1291	0.103486	1048.86	83	476.25	2.31636	15	31	
4	7	64	5	4	1682	1640	[1678,1637,1685,1645]	-233.91	-1051.77					0.0266471	31.607	1299	0.0588841	1154.53	45	476.25	2.49057	15	32	
4	7	64	5	5	1693	1642	[1687,1638,1699,1651]	-232.15	-1052.17					0.054974	56.8889	1282	0.134541	977.944	108	476.25	2.17288	15	33	
4	7	64	5	6	1684	1650	[1680,1646,1691,1658]	-233.32	-1053.28					0.0280228	33.1903	1352	0.0802121	1151.21	82	476.25	2.48693	15	34	
4	7	64	5	7	1668	1653	[1663,1648,1673,1657]	-235.92	-1053.4					0.0327502	31.7659	1095	0.0771312	938.179	72	476.25	2.03663	15	35	
4	7	64	5	8	1651	1654	[1647,1651,1657,1659]	-238.17	-1053.82					0.0433019	45.0092	1214	0.0994289	994.419	77	476.25	2.18253	15	36	
4	7	64	5	9	1677	1679	[1664,1669,1686,1685]	-234.81	-1057.05					0.0738697	95.63	1821	0.205982	1198.95	229	476.25	2.71827	15	40	
4	7	52	5	1	206	1866	[202,1862,210,1871]	-451.96	-1085.11					0.0793731041456	72.4615384615	1098	0.132857142857	840.461538462	65	711.4528	1.28318150821	9	9	
4	7	55	9	1	1074	383	[1071,380,1077,387]	645.01	-1511.65					0.0460033	31.8611	782	0.0840618	660.722	36	623.352	1.11106	2	9	
4	7	55	9	2	1119	385	[1115,381,1122,388]	651.59	-1511.85					0.0748914	63.2333	1000	0.122902	781.1	45	623.352	1.3545	2	11	
4	7	55	9	3	1054	468	[1050,463,1058,474]	641.96	-1524.2					0.0904273	70.6563	948	0.143061	710.704	75	645.326	1.2108	4	23	
4	7	55	9	4	1552	700	[1546,696,1555,706]	715.57	-1558.45					0.0284635	22.0458	885	0.0809283	752.481	55	661.259	1.17129	13	54	
4	7	1	9	1	1281	212	[1278,209,1286,217]	675.8	-1486.44					0.0263644	22.0786	920	0.0602987	815.36	57	930.17	0.900307	4	3	
4	7	1	9	2	1506	345	[1501,340,1514,350]	709.07	-1506.01					0.0346026	101.528	3347	0.0832426	2832.59	114	3073.21	0.954741	5	14	
4	7	1	9	3	270	1237	[266,1229,274,1242]	526.24	-1637.67					0.0820311	300.301	4757	0.172033	3360.52	77	938.58	3.90038	8	20	
4	7	1	9	4	248	1241	[243,1238,251,1247]	522.78	-1638.57					0.0254448	107.637	4576	0.0521253	4122.58	59	938.58	4.50704	8	21	
4	7	33	9	1	1506	79	[1504,76,1511,83]	709.04	-1466.79					0.0288699	13.6877	522	0.0626727	460.429	43	399.502	1.18677	1	2	
4	7	33	9	2	1493	90	[1489,86,1496,95]	706.85	-1468.33					0.0395916	18.9867	550	0.0884872	460.577	55	399.502	1.2004	1	4	
4	7	27	9	1	1427	369	[1420,364,1435,374]	697.23	-1509.52					0.0263910014064	35.7540933899	1448	0.0466097641344	1319.02941176	97	1433.24939947	0.945253146907	1	1	
4	7	60	8	1	1295	283	[1291,280,1299,289]	-291.16	-1496.98					0.0407458	22.6298	629	0.0828398	532.76	59	489.562	1.13446	1	2	
4	7	60	8	2	1789	1393	[1785,1388,1793,1396]	-218.03	-1660.81					0.0343797	32.0217	1165	0.128662	899.391	46	464.391	2.00567	6	4	
4	7	39	3	1	1893	1085	[1890,1079,1898,1093]	766.18	-323.95					0.0599166	34.1162	701	0.134049	535.278	99	444.975	1.27961	2	1	
4	7	39	3	2	1899	1083	[1897,1080,1902,1090]	767.01	-323.74					0.0250346	14.5441	669	0.0830354	566.417	51	444.975	1.3056	2	2	
4	7	46	9	1	842	732	[838,726,847,736]	610.8	-1563.13					0.0816020962006	67.0769230769	971	0.125194990418	754.923076923	70	581.323900265	1.41401377033	9	28	
4	7	53	6	1	1198	1133	[1195,1129,1201,1137]	-1274.07	-976.65					0.0273431566155	9.47368421053	378	0.0573426573427	337	38	310.004083228	1.11764232459	3	5	
4	7	54	3	1	1982	1068	[1976,1063,1986,1073]	779.18	-321.18					0.0383170220203	19.9318181818	586	0.0789413118527	500.25	66	499.710313819	1.04096674372	2	2	
4	7	52	4	1	198	1395	[197,1394,200,1397]	515.63	-1015.39					0.0265808823529	8.21590909091	353	0.0797170713057	300.875	11	293.439646477	1.05333724601	7	4	
4	7	30	9	1	234	116	[228,111,240,123]	520.86	-1472.32					0.15632	116.08	986	0.222946	626.5	119	455.248	1.63116	1	2	
4	7	30	9	2	1496	439	[1491,431,1502,445]	707.53	-1519.65					0.026345	35.9774	1572	0.0835219	1329.65	123	1365.9	0.999797	3	11	
4	7	19	7	1	147	2107	[143,2103,151,2111]	-1429.53	-1766.37					0.0255865675529	26.6041666667	1129	0.054072979071	1013.16666667	48	1006.9137982	1.03263142802	1	2	
4	7	50	1	1	420	1833	[417,1830,425,1839]	-420.26	-434.45					0.0330527	44.7614	1461	0.0546909	1309.48	58	1168.63	1.15883	2	2	
4	7	50	1	2	386	1898	[383,1895,391,1905]	-425.32	-444.12					0.0343585	42.8587	1398	0.0743368	1204.54	71	1168.63	1.0674	2	8	
4	7	54	4	1	1755	737	[1754,736,1757,739]	745.72	-918.2					0.0343859649123	10.8888888889	397	0.129802371542	305.777777778	12	312.675649938	1.0127640791	8	6	
4	7	62	2	1	1690	589	[1688,586,1694,592]	-1201.3	-250.4					0.028168124261	10.1993464052	412	0.0786909090909	351.888888889	34	377.016667331	0.960403787602	1	2	
4	7	26	6	1	489	730	[486,727,495,740]	-1378.65	-917.63					0.0287459496548	47.3595769683	1847	0.0716060998079	1600.16216216	92	1974.45651225	0.834417840507	2	4	
4	7	59	9	1	1114	416	[1111,411,1118,421]	651	-1516.44					0.0350446	23.9918	754	0.0660141	660.615	56	591.93	1.15657	4	20	
4	7	59	9	2	731	576	[727,573,735,582]	594.32	-1540.4					0.0430383	32.831	847	0.0741915	730	71	596.397	1.27907	13	47	
4	7	59	9	3	960	854	[957,851,963,858]	628.18	-1581.33					0.0276014	15.404	611	0.0592153	542.684	34	513.086	1.08771	16	81	
4	7	12	9	1	271	1165	[265,1159,278,1173]	526.49	-1627.27					0.0462773	163.055	3934	0.0786394	3360.38	128	1069.53	3.29437	5	9	
4	7	12	9	2	267	1174	[263,1166,275,1182]	525.87	-1628.68					0.0405306	149.925	4008	0.0607199	3549.13	124	1069.53	3.45858	5	12	
4	7	12	9	3	1404	1770	[1401,1767,1408,1776]	693.86	-1716.82					0.0260844	31.3059	1293	0.0504212	1168.87	57	1326.87	0.904519	6	14	
4	7	4	9	1	1392	59	[1385,54,1397,66]	691.91	-1463.8					0.0656314	24.8304	449	0.119003	353.5	112	364.248	1.03866	1	1	
4	7	4	9	2	294	1242	[290,1237,299,1249]	529.82	-1638.73					0.0578089	215.788	4223	0.0912145	3517	104	867.923	4.30083	5	19	
4	7	62	8	1	1767	1561	[1764,1558,1772,1567]	-221.16	-1685.97					0.0351527797097	21.760619977	688	0.0705928120418	597.269230769	67	463.630207848	1.33518015062	4	29	
4	7	43	9	1	855	723	[852,719,859,727]	612.69	-1561.95					0.0464766	36.4357	887	0.0853328	747.522	47	601.276	1.30382	5	6	
4	7	43	9	2	928	719	[924,716,932,728]	623.39	-1561.64					0.0425407	30.0009	810	0.0907432	675.226	75	601.276	1.17288	5	7	
4	7	46	3	1	1893	1052	[1888,1049,1896,1057]	765.99	-319.06					0.0313266654086	17.1724137931	660	0.108312342569	531	58	465.212075605	1.17832799821	2	2	
4	7	48	5	1	787	753	[785,752,790,757]	-366.11	-920.64					0.025705052879	8.33333333333	366	0.073538654934	315.857142857	21	327.945328418	0.988550371352	2	3	
4	7	40	8	1	163	1010	[160,1008,165,1013]	-458.41	-1604.37					0.0441385	11.598	360	0.178075	251.167	17	276.53	0.95022	1	1	
4	7	40	8	2	1721	1335	[1717,1332,1724,1339]	-228.07	-1652.35					0.0708146	42.7061	709	0.117095	560.364	43	562.634	1.07187	2	7	
4	7	40	8	3	1783	1365	[1780,1362,1787,1370]	-218.91	-1656.9					0.0355336	23.6782	738	0.069037	642.682	50	562.634	1.18436	2	12	
4	7	52	1	1	443	1823	[439,1821,449,1826]	-416.86	-432.88					0.0312428088132	42.3093023256	1464	0.0547930400951	1311.9	43	1158.51479401	1.16891843706	2	1	
4	7	34	9	1	905	780	[900,775,911,788]	620.02	-1570.42					0.10225174242	86.5462184874	1038	0.154707985697	759.857142857	119	631.920394098	1.33941453583	4	33	
4	7	50	9	1	1444	578	[1442,574,1447,583]	699.77	-1540.54					0.0361581	13.9503	425	0.0666819	371.864	43	330.253	1.16824	4	26	
4	7	50	9	2	921	833	[918,831,925,838]	622.42	-1578.23					0.0463812	30.6	764	0.096795	629.15	36	529.743	1.24541	8	45	
4	7	62	9	1	1162	403	[1158,399,1166,408]	658	-1514.6					0.0539975	41.787	895	0.100128	732.083	54	583.67	1.32587	3	22	
4	7	62	9	2	1791	367	[1785,363,1794,370]	750.89	-1509.26					0.0428204	13.9185	402	0.127432	311.125	46	242.335	1.3413	4	27	
4	7	62	9	3	549	516	[543,511,555,522]	567.37	-1531.28					0.0641036	67.3671	1250	0.119298	983.543	100	780.15	1.34706	6	38	
4	7	62	9	4	515	544	[511,539,518,548]	562.31	-1535.39					0.0444026	46.0455	1158	0.0777334	990.955	50	780.15	1.32923	6	42	
4	7	62	9	5	1708	561	[1703,557,1712,565]	738.73	-1537.95					0.0771525	43.2727	712	0.1581	517.6	55	361.369	1.55208	8	45	
4	7	22	2	1	1577	436	[1571,433,1582,443]	-1218.04	-228.06					0.0491688584183	56.0318598168	1307	0.0934729512732	1083.5483871	81	774.897459607	1.47062070315	1	4	
4	7	4	6	1	800	534	[796,530,805,541]	-1332.89	-888.23					0.0284607717737	81.957042957	3141	0.0578086343795	2797.69230769	77	2808.89597925	1.02518903225	4	3	
4	7	48	7	1	1677	1494	[1674,1491,1681,1501]	-1203.21	-1676.06					0.133083241423	88.6038647343	912	0.224840150653	577.173913043	63	460.674322098	1.44522441526	3	3	
4	7	14	6	1	745	690	[741,686,751,696]	-1340.82	-911.27					0.0287348	65.5887	2503	0.060601	2216.97	83	2296.32	0.994005	1	5	
4	7	14	6	2	693	698	[684,691,699,707]	-1349.01	-912.53					0.0552694	123.852	2573	0.0972227	2117.02	160	2296.32	0.975855	1	6	
4	7	44	9	1	844	723	[839,719,848,728]	610.94	-1561.95					0.045103352281	38.9534706331	973	0.0824969163422	824.695652174	57	582.202121226	1.48341802841	6	26	
4	7	63	5	1	1079	995	[1077,992,1084,999]	-322.82	-956.36					0.0378708	16.0314	491	0.0931934	407.286	41	357.87	1.18288	8	18	
4	7	63	5	2	1662	1647	[1657,1643,1669,1653]	-236.73	-1052.65					0.0429308	43.5224	1146	0.0830437	970.258	82	505.284	2.00636	15	34	
4	7	63	5	3	1659	1660	[1656,1655,1664,1666]	-237.23	-1054.61					0.0343937	33.2005	1091	0.078539	932.107	65	505.284	1.91043	15	36	
4	7	63	5	4	1645	1662	[1639,1659,1649,1664]	-239.36	-1054.75					0.028926	30.5362	1181	0.0706529	1025.13	42	505.284	2.08925	15	38	
4	7	63	5	5	1644	1668	[1637,1662,1649,1672]	-239.63	-1055.57					0.0582246	59.5422	1184	0.102889	963.088	92	505.284	2.02387	15	40	
4	7	63	5	6	1646	1684	[1641,1681,1650,1689]	-239.15	-1058.13					0.0307034	28.127	1020	0.0692048	887.96	46	505.284	1.81301	15	41	
4	7	63	5	7	1663	1689	[1654,1681,1674,1695]	-236.54	-1058.69					0.072948	98.6749	1852	0.192531	1254	203	505.284	2.67706	15	42	
4	7	63	5	8	93	1953	[91,1950,95,1957]	-468.72	-1097.99					0.0290379	11.5962	448	0.0720909	387.75	26	601.7	0.663697	16	68	
4	7	49	9	1	1079	409	[1076,404,1084,414]	645.85	-1515.53					0.032153	23.0063	782	0.0606842	692.52	57	659.598	1.08479	2	17	
4	7	49	9	2	954	758	[950,754,959,763]	627.24	-1567					0.0467227	34.8755	893	0.113078	711.56	62	567.547	1.3152	7	32	
4	7	56	9	1	896	837	[892,834,899,841]	618.71	-1578.75					0.0714747266949	46.9264069264	802	0.136283902307	609.619047619	44	511.626823552	1.2832506513	14	75	
4	7	60	1	1	459	1873	[457,1870,463,1877]	-414.56	-440.3					0.025238315206	33.3888888889	1399	0.0407075257263	1289.55555556	36	1123.58389287	1.17743272473	4	7	
4	7	55	2	1	1443	1224	[1438,1219,1448,1229]	-1237.97	-344.36					0.04783203951	33.702020202	792	0.0827890019748	670.888888889	66	739.214663932	0.953161433978	2	5	
4	7	0	7	1	1439	1011	[1436,1007,1445,1016]	-1238.34	-1604.47					0.0305419532609	105.696428571	3812	0.0637644760709	3355	56	3190.20119895	1.08478939501	2	4	
4	7	54	6	1	548	1394	[545,1390,552,1403]	-1370.21	-1015.5					0.0269325552457	24.7593052109	1010	0.0606188919564	894.548387097	78	698.548578867	1.31602542775	4	5	
4	7	49	8	1	1709	1709	[1707,1706,1712,1712]	-229.78	-1707.57					0.0268732836406	8.5625	363	0.0786516853933	310.0625	24	283.468031301	1.12402445714	7	31	
4	7	13	9	1	1275	188	[1273,186,1279,193]	674.82	-1483.01					0.0267778549919	16.5142857143	662	0.048962129615	600.2	42	602.232111844	1.02404749528	1	2	
4	7	5	9	1	1527	339	[1522,334,1532,344]	712.05	-1505.09					0.0261593	67.4407	2843	0.0620824	2510.63	81	2596.68	0.992835	5	19	
4	7	5	9	2	306	1218	[303,1215,310,1223]	531.41	-1635.06					0.0351203	130.695	4130	0.0698578	3590.65	49	848.638	4.38508	8	24	
4	7	48	9	1	1462	574	[1460,571,1467,576]	702.53	-1539.81					0.0300431	12.6937	482	0.0809313	409.824	29	344.778	1.22548	4	19	
4	7	48	9	2	947	754	[945,751,950,760]	626.29	-1566.72					0.0546233	41.9864	874	0.092045	726.667	49	568.025	1.3532	8	29	
4	7	48	9	3	964	802	[959,796,970,806]	628.79	-1573.44					0.0327969	24.3952	836	0.0749416	719.433	70	568.025	1.3095	8	37	
4	7	48	9	4	1254	1691	[1250,1686,1258,1698]	671.6	-1705.14					0.131209	259.768	3233	0.305463	1720.03	95	448.148	4.41774	12	54	
4	7	52	8	1	1496	1800	[1492,1797,1500,1803]	-261.38	-1721					0.0287207961944	10.5297619048	401	0.0593119064092	356.095238095	40	354.169006097	1.03516963283	5	42	
4	7	38	3	1	1919	1088	[1911,1083,1923,1094]	769.72	-324.37					0.0659735802566	36.6698369565	668	0.12537839901	519.15625	92	443.363632281	1.25365737396	2	2	
4	7	50	3	1	1891	1057	[1887,1054,1897,1065]	766.02	-319.85					0.0370187770579	18.933982684	574	0.0763821451294	492.535714286	66	486.52745578	1.05126584511	2	1	
4	7	2	7	1	1525	528	[1522,524,1530,531]	-1225.64	-1532.88					0.0336059540181	25.01804758	819	0.0647185168438	719.434782609	53	659.125574768	1.12945523385	1	1	
4	7	18	6	1	608	707	[603,703,613,711]	-1361.4	-913.66					0.0382294508755	62.747826087	1838	0.0759234326523	1578.6	69	2184.99210064	0.751191652182	2	20	
4	7	42	9	1	915	739	[911,735,919,748]	621.41	-1564.49					0.0450829	30.5415	783	0.0951745	646.909	91	607.565	1.11503	6	30	
4	7	42	9	2	574	1236	[570,1231,578,1240]	571	-1637.66					0.0331847	12.082	430	0.0997442	352	61	292.751	1.24366	9	50	
4	7	0	6	1	700	582	[693,575,706,588]	-1347.81	-895.16					0.0262021165465	89.4001976285	3839	0.0721149574114	3322.54545455	92	3345.70338416	1.01979920525	4	3	
4	7	1	6	1	676	627	[670,620,682,634]	-1351.22	-901.84					0.0317515	92.7394	3402	0.0921263	2828.05	118	3146.54	0.928254	3	6	
4	7	1	6	2	830	636	[822,631,838,643]	-1328.48	-903.35					0.0413472	144.065	3785	0.0624247	3340.21	127	3146.54	1.10734	3	8	
4	7	1	6	3	742	657	[731,652,749,669]	-1341.91	-906.55					0.0386946	104.059	3569	0.159861	2585.19	179	3146.54	0.854667	3	11	
4	7	53	1	1	506	1846	[503,1843,509,1851]	-407.67	-436.37					0.0382621483019	48.9404761905	1416	0.0702370026454	1230.14285714	48	1154.93442193	1.10749433824	4	1	
4	7	17	4	1	375	1131	[371,1127,378,1135]	541.54	-976.36					0.0271809928791	23.9702380952	968	0.060296265387	857.904761905	48	820.848215693	1.07434600349	2	5	
4	7	48	10	1	1657	1478	[1654,1476,1659,1482]	-237.56	-2319.46					0.026730615249	12.1507352941	509	0.0699888710276	442.411764706	32	553.343022031	0.82148411004	1	1	
4	7	28	6	1	453	725	[449,720,458,736]	-1384.08	-916.72					0.0305349629333	58.6153846154	2140	0.0697325668583	1861	104	1930.51810775	0.994352436742	1	4	
4	7	48	3	1	1894	1055	[1888,1051,1897,1061]	766.07	-319.49					0.0485154988788	24.6860902256	579	0.0892233270626	484.142857143	76	455.450149707	1.11720008808	2	1	
4	7	9	8	1	1507	1576	[1502,1570,1513,1581]	-259.67	-1687.79					0.0325475035715	92.9343891403	3246	0.0804852021186	2762.41176471	104	2843.86509517	1.00403713196	3	4	
4	7	0	9	1	242	1216	[239,1213,247,1223]	522.12	-1634.86					0.0365221	156.348	4943	0.0902608	4124.56	62	990.529	4.32184	6	15	
4	7	0	9	2	249	1218	[243,1214,253,1226]	522.85	-1635.25					0.0291671	127.728	4924	0.0732975	4251.46	58	990.529	4.42106	6	16	
4	7	44	10	1	1570	1473	[1565,1470,1573,1479]	-250.54	-2318.69					0.0460704481377	21.7872807018	530	0.080392406676	451.125	57	555.12431252	0.851903384586	1	1	
4	7	15	6	1	595	657	[592,652,599,662]	-1363.27	-906.29					0.0250566	57.6272	2501	0.0545512	2242.25	57	2277.61	1.00978	1	2	
4	7	15	6	2	566	677	[558,671,572,683]	-1367.75	-909.28					0.0379743	82.2117	2415	0.0738781	2082.72	141	2277.61	0.950526	1	3	
4	7	15	6	3	661	681	[655,673,668,690]	-1353.56	-909.87					0.047738	107.755	2627	0.0999766	2149.47	168	2277.61	0.991047	1	4	
4	7	43	4	1	411	1974	[405,1970,416,1978]	546.99	-1100.97					0.0520700401941	35.0760233918	764	0.0894399112731	638.555555556	76	432.495731033	1.55754503597	5	31	
4	7	7	6	1	825	652	[821,648,831,658]	-1329.16	-905.55					0.0273608146372	76.7305936073	2976	0.0435392437613	2727.66666667	73	2610.06795827	1.07445373267	1	4	
4	7	4	8	1	2050	773	[2044,769,2053,779]	-179.51	-1569.43					0.0402553	20.3727	560	0.0710383	485.714	69	560.216	0.903378	2	2	
4	7	4	8	2	2033	1690	[2028,1687,2039,1698]	-181.92	-1705.13					0.0307796	15.0221	540	0.0661073	473.031	75	515.141	0.947416	4	9	
4	7	11	9	1	287	1178	[282,1168,292,1190]	528.64	-1629.24					0.0988891	336.072	4090	0.143672	3062.4	178	975.428	3.48408	6	39	
4	7	11	9	2	272	1186	[265,1179,287,1194]	526.82	-1630.42					0.0809356	286.266	4056	0.110215	3250.69	231	975.428	3.62606	6	42	
4	7	60	5	1	1606	1588	[1598,1583,1615,1594]	-244.97	-1044					0.100734	98.4977	1238	0.169413	879.302	160	342.253	2.85695	11	23	
4	7	60	5	2	1611	1601	[1607,1599,1614,1609]	-244.4	-1046.24					0.0262001	30.5383	1247	0.047001	1135.04	50	342.253	3.40561	11	26	
4	7	60	5	3	1618	1618	[1611,1609,1623,1627]	-243.21	-1048.42					0.0470191	41.1625	1160	0.163327	834.28	113	342.253	2.55788	11	29	
4	7	47	4	1	611	2111	[607,2107,617,2117]	576.72	-1121.33					0.0347042494128	15.2744360902	491	0.0722196225238	424.857142857	76	413.710550887	1.06386355872	10	49	
4	7	61	8	1	2005	1053	[2000,1047,2010,1058]	-186.08	-1610.62					0.161245112146	140.670921986	1210	0.2463091396	731.733333333	94	502.538224731	1.73599581562	4	7	
4	7	1	5	1	1587	1718	[1585,1716,1590,1720]	-247.84	-1063.16					0.0263492268596	10.7324561404	455	0.0685977101478	396.583333333	19	421.535095716	0.966267799795	2	2	
4	7	53	9	1	1545	734	[1541,729,1551,738]	714.8	-1563.42					0.0530171	39.2418	855	0.0990204	700.931	81	668.634	1.10699	10	26	
4	7	53	9	2	961	830	[959,828,969,836]	628.66	-1578.02					0.0413911	28.1772	799	0.100872	652.577	61	556.931	1.22233	11	43	
4	7	41	8	1	106	1054	[104,1052,108,1057]	-466.81	-1610.84					0.0315789	8.1	288	0.0738255	248.4	18	278.257	0.921811	1	2	
4	7	41	8	2	1888	1884	[1883,1879,1896,1892]	-203.19	-1733.68					0.0749221	28.988	480	0.145693	357.921	121	345.972	1.11832	6	15	
4	7	55	7	1	2006	467	[2002,465,2009,472]	-1154.7	-1524.15					0.0346664259276	11.4708392603	384	0.0918069584736	319.421052632	37	276.075331071	1.19855653386	1	2	
4	7	32	8	1	1440	1889	[1436,1879,1445,1894]	-269.55	-1733.84					0.0558100715831	48.8935294118	1108	0.145115204572	827.176470588	100	356.969444444	2.45418764445	3	1	
4	7	59	8	1	1803	1410	[1798,1406,1809,1414]	-215.89	-1663.41					0.043498948212	26.7230769231	686	0.077248293773	587.615384615	65	464.080629079	1.32377527318	7	11	
4	8	53	1	1	2086	895	[2080,892,2090,902]	-174.2	-295.89					0.0344514544466	26.8968812877	889	0.0822843974869	753.821428571	71	793.520574829	0.983866499022	3	3	
4	8	43	4	1	1252	1434	[1250,1431,1254,1440]	671.27	-1021.3					0.0260112115956	22.6986486486	941	0.0508389402273	849.95	37	836.935584865	1.04267122157	7	23	
4	8	28	3	1	1558	2073	[1552,2068,1563,2078]	716.47	-469.72					0.029140514143	31.7076400679	1198	0.0628165870131	1056.38709677	95	1094.69016626	0.993975072016	1	1	
4	8	59	3	1	1290	1062	[1288,1059,1294,1068]	677.08	-320.54					0.0253305	11.2588	488	0.0594676	433.217	42	424.417	1.04726	2	3	
4	8	59	3	2	1084	1798	[1078,1793,1093,1804]	646.75	-429.17					0.0384843	73.1824	2195	0.0911072	1828.44	131	1839.52	1.03376	3	7	
4	8	59	3	3	1139	1890	[1132,1886,1145,1898]	654.44	-442.94					0.0291974	48.1183	1790	0.0560739	1599.91	92	1839.52	0.895903	3	13	
4	8	64	4	1	1196	623	[1192,619,1199,629]	663.02	-901.42					0.035611793077	15.941025641	526	0.0984738955823	431.692307692	60	504.709819207	0.886912273743	5	8	
4	8	56	3	1	1087	1796	[1076,1791,1099,1802]	647	-428.77					0.033163	59.3755	2237	0.12751	1731.04	160	1863.47	0.960795	2	2	
4	8	56	3	2	1059	1907	[1053,1902,1068,1914]	643.1	-445.41					0.0262668	49.6056	2214	0.0925443	1838.92	98	1863.47	1.01345	2	12	
4	8	19	1	1	860	330	[857,327,865,335]	-355.26	-212.27					0.0257215671257	34.1740350877	1409	0.0423756399254	1294.44	57	1279.77559085	1.03816172506	1	9	
4	8	54	3	1	1048	1808	[1041,1802,1052,1819]	640.93	-430.98					0.0293798935391	52.1907442151	2066	0.0901743254461	1724.2195122	117	1860.08862647	0.955013772533	3	6	
4	8	47	3	1	877	2053	[869,2047,885,2057]	615.95	-466.7					0.0340761214204	54.2071339174	1862	0.0957585827903	1536.55882353	94	1557.34449089	1.02146054823	4	20	
4	8	20	5	1	908	117	[903,112,914,123]	-348.14	-826.53					0.184621407252	2066.71932469	15119	0.247100363735	9127.64516129	107	6394.14559249	1.75072092496	1	17	
4	8	3	4	1	259	376	[255,371,263,384]	524.52	-864.99					0.0298327	53.7613	2090	0.0890143	1748.33	74	1821.84	0.989162	1	8	
4	8	3	4	2	1142	1546	[1133,1538,1150,1553]	655.06	-1037.71					0.0331976	94.5565	3176	0.0712107	2753.74	115	2636.87	1.08018	6	32	
4	8	50	3	1	1038	1839	[1034,1837,1040,1844]	639.5	-435.38					0.0251785356738	40.7837837838	1806	0.0670605612999	1579	37	1637.73925567	0.989036428221	4	5	
4	8	16	1	1	891	263	[887,257,895,269]	-350.79	-202.21					0.0313477079205	41.2930735931	1631	0.122131890057	1275.96666667	77	1382.80446906	0.952600146825	1	7	
4	8	24	5	1	945	77	[939,72,949,85]	-342.91	-820.71					0.0326709	221.553	7358	0.057351	6559.8	102	6207.64	1.09242	1	5	
4	8	24	5	2	1004	98	[999,93,1008,108]	-334.04	-823.99					0.0382438	208.933	6432	0.10078	5254.26	112	6207.64	0.880076	1	13	
4	8	3	1	1	865	261	[859,257,868,267]	-354.76	-202.05					0.0306088	87.8364	3173	0.0656935	2781.81	59	2379.92	1.20577	1	14	
4	8	3	1	2	896	294	[893,291,900,300]	-349.93	-207.03					0.0255636	73.1778	3086	0.0504817	2789.4	45	2379.92	1.2028	1	20	
4	8	55	3	1	1142	1789	[1137,1784,1149,1803]	655.21	-428.26					0.0489539209037	84.9943734015	2228	0.148685301831	1651.2173913	170	1777.34142702	0.976858885023	3	3	
4	8	45	4	1	951	1225	[947,1221,957,1230]	627.02	-990.46					0.032272660363	39.2632211538	1357	0.0708876511921	1177.34615385	64	1157.53727866	1.05103256494	6	9	
4	8	12	4	1	1088	1377	[1083,1372,1092,1383]	647.03	-1012.84					0.137929559376	318.887078439	3047	0.209110439102	1993.06896552	91	1644.69807334	1.40570240912	4	5	
4	8	61	3	1	1161	1895	[1158,1893,1166,1899]	658.01	-443.6					0.0271361291769	50.9473684211	2012	0.0483189820655	1826.52631579	38	1797.53891209	1.04446900792	4	7	
4	8	7	1	1	788	256	[785,253,791,266]	-366.06	-201.62					0.0260008676435	43.821157218	1904	0.0740218437868	1641.55172414	59	1874.93945689	0.898894561723	1	8	
4	8	50	5	1	918	145	[911,136,925,155]	-346.76	-830.7					0.0622386753951	410.887431964	7498	0.0954849318986	6190.91489362	172	6149.61532688	1.0735309405	1	19	
4	8	59	5	1	905	148	[899,140,909,163]	-348.84	-831.55					0.06008	411.99	8412	0.132368	6445.36	181	6377.47	1.07525	1	9	
4	8	59	5	2	1546	852	[1542,850,1552,862]	-253.81	-935.65					0.02808	20.6889	892	0.109386	716.097	70	607.92	1.21198	4	35	
4	8	59	5	3	1563	912	[1556,908,1567,920]	-251.57	-944.23					0.0608873	53.5003	1033	0.111843	825.176	99	607.92	1.44538	4	36	
4	8	53	4	1	1374	1210	[1371,1208,1380,1214]	689.52	-988.15					0.0411147	65.7978	1893	0.104579	1534.55	46	1179.84	1.35642	9	4	
4	8	53	4	2	1379	1216	[1372,1213,1382,1221]	689.88	-989.08					0.0439626	72.0161	1889	0.0934538	1566.11	73	1179.84	1.38843	9	5	
4	8	53	4	3	1364	1258	[1358,1253,1368,1264]	687.8	-995.09					0.0314638	37.0967	1263	0.050342	1141.93	72	1179.84	0.999315	9	7	
4	8	53	4	4	1411	1285	[1406,1278,1417,1292]	694.94	-999.08					0.0774314	121.209	1871	0.128755	1444.16	131	1179.84	1.32677	9	8	
4	8	1	1	1	877	214	[870,209,883,222]	-352.86	-195.05					0.0598225	184.204	3494	0.0937598	2894.97	114	2805.42	1.09758	1	5	
4	8	1	1	2	871	332	[867,328,878,340]	-353.55	-212.75					0.0269012	78.9528	3177	0.0532128	2855.97	102	2805.42	1.04616	1	33	
4	8	54	1	1	2078	906	[2072,900,2084,913]	-175.19	-297.31					0.0671547235348	55.6454831933	970	0.113042304382	772.970588235	112	792.001588613	1.04623031487	3	1	
4	8	9	1	1	980	319	[974,315,986,325]	-337.61	-210.6					0.0277145998817	47.361856109	1889	0.0640599809646	1661.55172414	81	1716.4230138	0.99562495172	1	13	
4	8	54	4	1	1380	1222	[1376,1219,1383,1225]	690.16	-989.82					0.0332179	52.5405	1770	0.0730037	1529.15	42	1176.4	1.34452	9	8	
4	8	54	4	2	1657	1306	[1653,1299,1662,1313]	731.29	-1002.35					0.0298263	66.6146	2550	0.08124	2166.81	76	2410.25	0.926635	10	12	
4	8	54	4	3	1653	1314	[1648,1310,1659,1320]	730.59	-1003.62					0.025658	53.4121	2332	0.0696558	2028.28	75	2410.25	0.863684	10	16	
4	8	55	1	1	2076	913	[2072,909,2082,921]	-175.44	-298.57					0.0450582203201	36.8494318182	907	0.0746644450616	780.96875	99	784.455003508	1.04253039137	4	4	
4	8	2	1	1	870	257	[866,252,876,262]	-353.8	-201.32					0.0292756	97.1085	3762	0.0776378	3219.94	87	2569.88	1.29074	1	16	
4	8	2	1	2	967	332	[954,328,973,343]	-340.11	-212.78					0.0649401	153.098	2933	0.141816	2204.43	150	2569.88	0.917369	1	30	
4	8	16	5	1	910	125	[906,122,914,134]	-347.9	-828.01					0.025680248198	170.049653158	7477	0.0736061647039	6451.75757576	83	7071.10812821	0.936459619745	1	14	
4	8	60	3	1	1117	1792	[1109,1787,1125,1801]	651.42	-428.36					0.0519142	86.9128	2142	0.148756	1587.25	129	1722.32	0.972039	4	1	
4	8	60	3	2	1042	1864	[1038,1858,1048,1869]	640.3	-438.93					0.0379529	58.9958	1959	0.134189	1495.45	76	1722.32	0.902531	4	8	
4	8	60	5	1	999	224	[988,207,1010,236]	-334.74	-842.09					0.0558991	321.385	7035	0.128943	5427.99	261	6570.07	0.875085	1	35	
4	8	60	5	2	1546	903	[1542,900,1552,909]	-253.79	-942.84					0.039058	33.0162	1030	0.11817	812.296	64	606.339	1.39412	5	41	
4	8	41	4	1	1169	2128	[1162,2124,1174,2133]	658.99	-1123.72					0.026429591686	15.1154929577	627	0.0593005575266	556.8	71	605.005079402	0.945306927874	9	5	
4	8	58	3	1	1104	1783	[1099,1776,1108,1789]	649.44	-426.76					0.0316044	51.2085	2068	0.137173	1569.09	91	1696.82	0.954905	4	2	
4	8	58	3	2	1146	1787	[1142,1783,1155,1792]	656.02	-427.59					0.0688081	102.382	1939	0.166471	1385.56	102	1696.82	0.876902	4	3	
4	8	58	3	3	1095	1895	[1088,1888,1099,1899]	648.03	-443.4					0.0300397	49.501	1896	0.0851794	1598.35	89	1696.82	0.971145	4	11	
4	8	23	4	1	310	382	[306,379,315,389]	532.05	-865.8					0.0285017	24.4531	940	0.0600507	833.5	64	974.124	0.880743	1	2	
4	8	23	4	2	304	396	[300,392,308,403]	531.26	-867.93					0.0287048	27.0805	1027	0.0569468	916.333	58	974.124	0.968474	1	3	
4	8	61	5	1	1514	844	[1510,842,1518,848]	-258.7	-934.06					0.0294248	20.2878	800	0.0890351	669.19	46	609.429	1.13135	5	40	
4	8	61	5	2	1506	854	[1503,849,1510,859]	-259.8	-935.4					0.0264116	18.4101	763	0.0585194	678.636	43	609.429	1.14377	5	41	
4	8	61	5	3	1524	910	[1519,904,1529,917]	-257.16	-943.75					0.0998738	85.7978	1071	0.161438	773.265	112	609.429	1.40962	5	42	
4	8	23	1	1	820	334	[816,329,825,339]	-361.17	-212.77					0.0320075284127	35.3743743744	1201	0.0577700939457	1069.81481481	74	1164.37653401	0.949168208832	1	9	
4	8	5	4	1	264	392	[258,385,271,398]	525.35	-867.26					0.0502244926009	75.3148854962	1792	0.114341235911	1424.25	131	1624.08381967	0.923329736637	1	10	
4	8	2	4	1	253	370	[248,366,259,380]	523.9	-864.18					0.0494794	96.7808	2306	0.10727	1859.2	104	2041.69	0.95802	1	11	
4	8	2	4	2	307	646	[302,638,314,654]	531.78	-904.72					0.0313096	51.868899999999996	1909	0.0865807	1604.78	132	1633.11	1.01441	3	27	
4	8	2	4	3	1146	1538	[1141,1535,1151,1542]	655.63	-1036.69					0.0255176	79.0746	3443	0.0654907	3019.75	57	2811	1.10239	6	34	
4	8	22	4	1	308	400	[305,396,313,405]	531.95	-868.37					0.0296424296828	27.9844632768	1075	0.0798141715147	916.083333333	59	987.806072017	0.955721799404	1	2	
4	8	4	4	1	271	371	[267,365,275,380]	526.45	-864.19					0.025975840714	37.8225108225	1684	0.0856662824545	1418.24242424	77	1716.65439795	0.848199227989	1	10	
4	8	41	1	1	786	1642	[781,1638,792,1646]	-366.15	-406.1					0.050277652709	41.875	972	0.10266591038	791	80	719.381018744	1.15776616049	4	4	
4	8	8	4	1	360	655	[355,652,364,659]	539.39	-905.92					0.029575936567	35.4353846154	1341	0.0712231595092	1162.68	52	1210.58512845	0.989699407714	3	12	
4	8	53	3	1	1106	1784	[1098,1779,1114,1789]	649.78	-427					0.0752116	104.997	1796	0.163579	1291.03	124	1742.67	0.801082	3	3	
4	8	53	3	2	1142	1828	[1137,1822,1147,1835]	655.09	-433.8					0.0435647	79.8892	2147	0.100767	1753.92	103	1742.67	1.05229	3	8	
4	8	53	3	3	1025	1845	[1015,1840,1029,1857]	637.32	-436.65					0.027886	46.1115	1983	0.104595	1607.46	125	1742.67	0.948868	3	9	
4	8	53	3	4	1009	1880	[1004,1874,1014,1885]	635.44	-441.3					0.0306783	55.9202	2121	0.0910845	1766.88	83	1742.67	1.04598	3	10	
4	8	40	1	1	791	1608	[784,1603,797,1614]	-365.57	-401.14					0.0735335	71.6732	1121	0.107692	903.028	107	719.941	1.35386	3	1	
4	8	40	1	2	788	1629	[786,1627,793,1635]	-365.75	-404.38					0.027857	24.4286	991	0.0751288	852.5	42	719.941	1.21806	3	2	
4	8	40	1	3	786	1634	[782,1628,792,1640]	-366.23	-404.97					0.0336576	28.3667	956	0.0799616	814.433	70	719.941	1.17065	3	3	
4	8	1	4	1	1785	573	[1780,569,1793,578]	750.36	-893.98					0.0296199	87.5725	3158	0.0479556	2868.97	110	2615.38	1.13045	2	20	
4	8	1	4	2	1160	1509	[1153,1501,1168,1516]	657.93	-1032.25					0.0393786	132.084	3702	0.069303	3222.14	154	3099.53	1.08217	5	34	
4	8	62	4	1	1086	650	[1079,647,1091,653]	646.71	-905.14					0.0320328129601	15.6774410774	559	0.0825563046909	473.740740741	55	541.212084501	0.904300173323	5	11	
4	8	35	4	1	1041	1139	[1036,1135,1049,1142]	640.34	-977.48					0.0265387547398	28.8857758621	1243	0.0796717285171	1059.55172414	64	1219.01410292	0.892883435389	6	3	
4	8	15	5	1	951	113	[946,107,957,120]	-341.92	-825.89					0.133399996055	1428.52112211	13512	0.185677451624	9280.03333333	101	7189.94473269	1.48937924471	1	10	
4	8	0	4	1	263	336	[257,332,268,344]	525.08	-858.98					0.0303016	77.2709	3078	0.109032	2472.79	102	2518.79	1.01242	1	7	
4	8	0	4	2	255	348	[250,343,259,355]	523.85	-860.64					0.0321664	64.8584	2284	0.0785075	1951.48	85	2518.79	0.800521	1	11	
4	8	0	4	3	253	382	[248,376,259,387]	523.67	-865.47					0.0470912	130.556	3131	0.0847323	2641.85	110	2518.79	1.10069	1	15	
4	8	0	4	4	1370	1376	[1362,1372,1375,1381]	688.7	-1012.58					0.0552546	139.769	2864	0.0902624	2389.78	89	2357.8	1.07284	6	36	
4	8	0	4	5	1129	1545	[1125,1540,1139,1550]	653.47	-1037.56					0.0384704	141.907	4098	0.0720973	3546.83	106	3392.36	1.08737	7	58	
4	8	58	5	1	959	128	[952,121,966,141]	-340.51	-828.46					0.0843543917528	559.208088235	8399	0.160959806484	6070.0625	170	6363.77349918	1.04172007207	1	6	
4	8	48	3	1	1056	1915	[1050,1911,1059,1919]	642.18	-446.48					0.0275184	38.4472	1662	0.100409	1358.7	49	1569.4	0.89024	3	8	
4	8	48	3	2	1088	1964	[1084,1961,1092,1970]	647.1	-453.74					0.0298696	45.6325	1816	0.101243	1482.09	47	1569.4	0.973444	3	11	
4	8	52	1	1	2093	895	[2087,891,2099,900]	-173.04	-295.74					0.0341769	27.0637	919	0.0915744	764.806	77	782.837	1.01154	3	1	
4	8	52	1	2	1984	912	[1980,904,1992,918]	-188.96	-298.06					0.0265879	24.75	1026	0.0620431	906.125	104	782.837	1.1891	3	2	
4	8	42	1	1	789	1652	[780,1650,791,1657]	-366.35	-407.8					0.0258744527405	20.254789272	895	0.0799034723153	762.555555556	58	718.922269053	1.0888664582	2	1	
4	8	0	1	1	895	220	[888,214,901,228]	-350.29	-196.02					0.0431505	135.949	3518	0.0770555	3014.63	122	3062.74	1.02868	1	10	
4	8	0	1	2	893	311	[884,306,899,316]	-350.68	-209.34					0.0251969	91.3315	4016	0.0639272	3533.39	93	3062.74	1.18349	1	30	
4	8	0	1	3	962	414	[958,407,966,418]	-340.42	-224.37					0.0340457	104.39	3314	0.0561227	2961.79	74	3062.74	1.00112	1	55	
4	8	5	1	1	844	230	[840,225,850,236]	-357.64	-197.39					0.0285986	58.0576	2378	0.0933252	1972.03	89	2082.83	0.974678	1	4	
4	8	5	1	2	971	337	[964,332,979,345]	-338.87	-213.54					0.0505635	97.1951	2260	0.106475	1825.05	133	2082.83	0.922898	1	21	
4	8	45	3	1	1238	1013	[1237,1012,1241,1016]	669.33	-313.24					0.0256223033521	11.0285714286	483	0.0704787234043	419.4	14	417.918698067	1.02993374888	2	2	
4	8	62	5	1	889	134	[885,126,893,138]	-351.15	-828.84					0.029539	202.124	7455	0.0577856	6640.48	79	6469.96	1.0576	1	10	
4	8	62	5	2	959	215	[956,211,972,221]	-339.98	-841.1					0.0288186	201.574	8102	0.0878818	6793	122	6469.96	1.08108	1	37	
4	8	39	1	1	748	485	[743,481,753,491]	-371.94	-235.1					0.0254990314158	26.0430107527	1156	0.0747038536512	995.290322581	72	920.789758469	1.10919275974	1	1	
4	8	50	1	1	234	575	[229,571,239,581]	-447.97	-248.41					0.0347561600766	17.5344827586	569	0.0776867060706	486.965517241	72	542.518745148	0.929921785214	2	1	
4	8	45	1	1	752	525	[748,517,757,536]	-371.25	-241.2					0.0297488435738	28.092020592	1027	0.0570115787539	916.214285714	111	864.621763771	1.09216115748	1	2	
4	8	52	4	1	182	273	[176,266,190,279]	513.36	-849.41					0.0302218563818	22.9381091618	863	0.0793891119742	736.052631579	108	783.537988336	0.968671273173	1	1	
4	8	11	1	1	929	264	[921,258,934,272]	-345.22	-202.51					0.0382088577531	64.813283208	1916	0.0802045719962	1631.47619048	114	1617.68779352	1.04858890602	1	5	
4	8	7	4	1	322	579	[319,575,328,583]	533.97	-894.8					0.0269147234397	38.3240740741	1532	0.0501842278141	1385.58333333	54	1250.72389423	1.13846662239	2	4	
4	8	51	3	1	1001	1838	[997,1834,1009,1843]	634.39	-435.05					0.0305146313293	52.4393939394	2057	0.105004842871	1666.06060606	88	1740.03102323	0.987626069338	2	7	
4	8	52	3	1	1017	1865	[1013,1859,1021,1870]	636.58	-439.04					0.0296586	51.1712	2031	0.096307	1674.17	74	1794.24	0.961598	3	13	
4	8	52	3	2	1540	1944	[1536,1940,1544,1950]	713.94	-450.87					0.027155	31.0962	1276	0.0677652	1114.04	52	1330.02	0.860991	4	21	
4	8	52	3	3	1535	1950	[1531,1946,1547,1954]	713.5	-451.66					0.0328805	32.8874	1187	0.10197	967.324	85	1330.02	0.752028	4	23	
4	8	4	1	1	847	226	[841,220,854,233]	-357.2	-196.88					0.0344029	76.6779	2535	0.0816824	2152.14	106	2198.94	1.01359	1	3	
4	8	4	1	2	790	244	[786,236,795,249]	-365.63	-199.27					0.0308096	66.9583	2482	0.0818743	2106.33	96	2198.94	0.988334	1	9	
4	8	4	1	3	864	265	[860,262,874,270]	-354.2	-202.58					0.0290331	80.5938	3012	0.0554842	2695.33	96	2198.94	1.26239	1	11	
4	8	38	4	1	1236	2098	[1231,2092,1241,2106]	668.98	-1119.4					0.0397061606672	28.3221494102	807	0.0817901530094	684.971428571	109	607.846812279	1.17347588829	8	10	
4	8	57	5	1	1004	195	[999,190,1017,205]	-333.63	-838.32					0.0497644229113	263.114341085	6088	0.0957441223893	5024.08333333	172	6406.01065798	0.825349497012	1	27	
4	8	22	5	1	1644	840	[1641,838,1653,844]	-238.97	-933.39					0.0250426550718	15.6896551724	716	0.0792660741203	610.827586207	58	650.07105973	0.963767317436	3	5	
4	8	51	4	1	1837	503	[1832,500,1843,506]	757.88	-883.59					0.0304485596264	49.529122807	1802	0.0665498709723	1577.12	57	1581.35808503	1.02864059583	2	2	
4	8	40	4	1	930	1183	[924,1179,934,1188]	623.63	-984.14					0.0272823499442	31.2459758551	1305	0.0789423176295	1114.03571429	71	1159.20266195	0.987990907663	6	7	
4	8	8	1	1	906	347	[902,343,912,352]	-348.49	-214.68					0.0331468182144	62.501814882	2038	0.0556567713357	1823.10344828	76	1792.12507514	1.0521616428	1	14	
4	8	45	5	1	987	175	[978,170,994,181]	-336.67	-835.19					0.121606600891	881.582623778	9632	0.2040089584	6367.88095238	151	5916.59761484	1.22527574936	1	30	
4	8	57	3	1	1135	1771	[1129,1765,1147,1781]	654.2	-425.2					0.0424506	74.2044	2179	0.131121	1673.81	156	1770.14	0.987501	3	2	
4	8	57	3	2	1076	1791	[1068,1785,1086,1795]	645.53	-427.96					0.0258628	46.6939	2055	0.0776777	1758.76	100	1770.14	1.01995	3	4	
4	8	57	3	3	1164	1848	[1158,1843,1170,1856]	658.38	-436.62					0.06795	118.707	1993	0.10072	1628.26	105	1770.14	0.986909	3	7	
4	8	57	3	4	1156	1856	[1149,1851,1162,1862]	657.11	-437.65					0.0261144	43.7361	1865	0.0669167	1631.06	96	1770.14	0.946133	3	9	
4	8	55	4	1	1651	1335	[1646,1328,1657,1345]	730.22	-1006.83					0.0492546774915	112.629546307	2600	0.0892224826692	2174.04761905	127	2405.98032869	0.950413907417	13	18	
